===== EXPERIMENT CONFIGURATION =====
Model: dapperfl
Dataset: fl_officecaltech
Backbone: resnet18
Participants: 10
Communication Epochs: 100
Local Epochs: 5
Shift Frequency: 5
Shift Ratio: 0.3
Pruning Strategy: 0.4
Alpha: 0.9
Alpha Min: 0.1
Epsilon: 0.2
Reg Coefficient: 0.01

===== DOMAIN SHIFT EXPERIMENT RESULTS =====
Format: Round [X] | Mean Acc: [Y]% | Domain Accs: [Z] | Shifted: [Yes/No]

Round 0 | Mean Acc: 10.05% | Domain Accs: [9.82, 8.42, 8.62, 13.33, 9.82, 8.42, 8.62, 13.33, 9.82, 8.42, 8.62, 13.33, 9.82, 8.42, 8.62, 13.33, 9.82, 8.42, 8.62, 13.33, 9.82, 8.42, 8.62, 13.33, 9.82, 8.42, 8.62, 13.33, 9.82, 8.42, 8.62, 13.33, 9.82, 8.42, 8.62, 13.33, 9.82, 8.42, 8.62, 13.33, 9.82, 8.42, 8.62, 13.33, 9.82, 8.42, 8.62, 13.33, 9.82, 8.42, 8.62, 13.33, 9.82, 8.42, 8.62, 13.33, 9.82, 8.42, 8.62, 13.33, 9.82, 8.42, 8.62, 13.33] | Shifted: No
  ★ New best accuracy: 10.05%
Round 1 | Mean Acc: 10.05% | Domain Accs: [9.82, 8.42, 8.62, 13.33, 9.82, 8.42, 8.62, 13.33, 9.82, 8.42, 8.62, 13.33, 9.82, 8.42, 8.62, 13.33, 9.82, 8.42, 8.62, 13.33, 9.82, 8.42, 8.62, 13.33, 9.82, 8.42, 8.62, 13.33, 9.82, 8.42, 8.62, 13.33, 9.82, 8.42, 8.62, 13.33, 9.82, 8.42, 8.62, 13.33, 9.82, 8.42, 8.62, 13.33, 9.82, 8.42, 8.62, 13.33, 9.82, 8.42, 8.62, 13.33, 9.82, 8.42, 8.62, 13.33, 9.82, 8.42, 8.62, 13.33, 9.82, 8.42, 8.62, 13.33] | Shifted: No
  ★ New best accuracy: 10.05%
Round 2 | Mean Acc: 11.94% | Domain Accs: [11.61, 14.21, 8.62, 13.33, 11.61, 14.21, 8.62, 13.33, 11.61, 14.21, 8.62, 13.33, 11.61, 14.21, 8.62, 13.33, 11.61, 14.21, 8.62, 13.33, 11.61, 14.21, 8.62, 13.33, 11.61, 14.21, 8.62, 13.33, 11.61, 14.21, 8.62, 13.33, 11.61, 14.21, 8.62, 13.33, 11.61, 14.21, 8.62, 13.33, 11.61, 14.21, 8.62, 13.33, 11.61, 14.21, 8.62, 13.33, 11.61, 14.21, 8.62, 13.33, 11.61, 14.21, 8.62, 13.33, 11.61, 14.21, 8.62, 13.33, 11.61, 14.21, 8.62, 13.33] | Shifted: No
  ★ New best accuracy: 11.94%
Round 3 | Mean Acc: 23.98% | Domain Accs: [29.46, 27.37, 22.41, 16.67, 29.46, 27.37, 22.41, 16.67, 29.46, 27.37, 22.41, 16.67, 29.46, 27.37, 22.41, 16.67, 29.46, 27.37, 22.41, 16.67, 29.46, 27.37, 22.41, 16.67, 29.46, 27.37, 22.41, 16.67, 29.46, 27.37, 22.41, 16.67, 29.46, 27.37, 22.41, 16.67, 29.46, 27.37, 22.41, 16.67, 29.46, 27.37, 22.41, 16.67, 29.46, 27.37, 22.41, 16.67, 29.46, 27.37, 22.41, 16.67, 29.46, 27.37, 22.41, 16.67, 29.46, 27.37, 22.41, 16.67, 29.46, 27.37, 22.41, 16.67] | Shifted: No
  ★ New best accuracy: 23.98%
Round 4 | Mean Acc: 26.10% | Domain Accs: [37.05, 30.0, 20.69, 16.67, 37.05, 30.0, 20.69, 16.67, 37.05, 30.0, 20.69, 16.67, 37.05, 30.0, 20.69, 16.67, 37.05, 30.0, 20.69, 16.67, 37.05, 30.0, 20.69, 16.67, 37.05, 30.0, 20.69, 16.67, 37.05, 30.0, 20.69, 16.67, 37.05, 30.0, 20.69, 16.67, 37.05, 30.0, 20.69, 16.67, 37.05, 30.0, 20.69, 16.67, 37.05, 30.0, 20.69, 16.67, 37.05, 30.0, 20.69, 16.67, 37.05, 30.0, 20.69, 16.67, 37.05, 30.0, 20.69, 16.67, 37.05, 30.0, 20.69, 16.67] | Shifted: No
  ★ New best accuracy: 26.10%
===== DOMAIN SHIFT AT ROUND 5 =====
New domain distribution:
  caltech: 1 clients
  amazon: 4 clients
  webcam: 3 clients
  dslr: 2 clients

Round 5 | Mean Acc: 31.81% | Domain Accs: [43.75, 39.47, 20.69, 23.33, 43.75, 39.47, 20.69, 23.33, 43.75, 39.47, 20.69, 23.33, 43.75, 39.47, 20.69, 23.33, 43.75, 39.47, 20.69, 23.33, 43.75, 39.47, 20.69, 23.33, 43.75, 39.47, 20.69, 23.33, 43.75, 39.47, 20.69, 23.33, 43.75, 39.47, 20.69, 23.33, 43.75, 39.47, 20.69, 23.33, 43.75, 39.47, 20.69, 23.33, 43.75, 39.47, 20.69, 23.33, 43.75, 39.47, 20.69, 23.33, 43.75, 39.47, 20.69, 23.33, 43.75, 39.47, 20.69, 23.33, 43.75, 39.47, 20.69, 23.33] | Shifted: Yes
  ★ New best accuracy: 31.81%
Round 6 | Mean Acc: 25.92% | Domain Accs: [38.84, 31.05, 13.79, 20.0, 38.84, 31.05, 13.79, 20.0, 38.84, 31.05, 13.79, 20.0, 38.84, 31.05, 13.79, 20.0, 38.84, 31.05, 13.79, 20.0, 38.84, 31.05, 13.79, 20.0, 38.84, 31.05, 13.79, 20.0, 38.84, 31.05, 13.79, 20.0, 38.84, 31.05, 13.79, 20.0, 38.84, 31.05, 13.79, 20.0, 38.84, 31.05, 13.79, 20.0, 38.84, 31.05, 13.79, 20.0, 38.84, 31.05, 13.79, 20.0, 38.84, 31.05, 13.79, 20.0, 38.84, 31.05, 13.79, 20.0, 38.84, 31.05, 13.79, 20.0] | Shifted: No
Round 7 | Mean Acc: 31.49% | Domain Accs: [43.75, 38.42, 13.79, 30.0, 43.75, 38.42, 13.79, 30.0, 43.75, 38.42, 13.79, 30.0, 43.75, 38.42, 13.79, 30.0, 43.75, 38.42, 13.79, 30.0, 43.75, 38.42, 13.79, 30.0, 43.75, 38.42, 13.79, 30.0, 43.75, 38.42, 13.79, 30.0, 43.75, 38.42, 13.79, 30.0, 43.75, 38.42, 13.79, 30.0, 43.75, 38.42, 13.79, 30.0, 43.75, 38.42, 13.79, 30.0, 43.75, 38.42, 13.79, 30.0, 43.75, 38.42, 13.79, 30.0, 43.75, 38.42, 13.79, 30.0, 43.75, 38.42, 13.79, 30.0] | Shifted: No
Round 8 | Mean Acc: 31.96% | Domain Accs: [41.52, 38.95, 20.69, 26.67, 41.52, 38.95, 20.69, 26.67, 41.52, 38.95, 20.69, 26.67, 41.52, 38.95, 20.69, 26.67, 41.52, 38.95, 20.69, 26.67, 41.52, 38.95, 20.69, 26.67, 41.52, 38.95, 20.69, 26.67, 41.52, 38.95, 20.69, 26.67, 41.52, 38.95, 20.69, 26.67, 41.52, 38.95, 20.69, 26.67, 41.52, 38.95, 20.69, 26.67, 41.52, 38.95, 20.69, 26.67, 41.52, 38.95, 20.69, 26.67, 41.52, 38.95, 20.69, 26.67, 41.52, 38.95, 20.69, 26.67, 41.52, 38.95, 20.69, 26.67] | Shifted: No
  ★ New best accuracy: 31.96%
Round 9 | Mean Acc: 28.74% | Domain Accs: [41.07, 35.26, 8.62, 30.0, 41.07, 35.26, 8.62, 30.0, 41.07, 35.26, 8.62, 30.0, 41.07, 35.26, 8.62, 30.0, 41.07, 35.26, 8.62, 30.0, 41.07, 35.26, 8.62, 30.0, 41.07, 35.26, 8.62, 30.0, 41.07, 35.26, 8.62, 30.0, 41.07, 35.26, 8.62, 30.0, 41.07, 35.26, 8.62, 30.0, 41.07, 35.26, 8.62, 30.0, 41.07, 35.26, 8.62, 30.0, 41.07, 35.26, 8.62, 30.0, 41.07, 35.26, 8.62, 30.0, 41.07, 35.26, 8.62, 30.0, 41.07, 35.26, 8.62, 30.0] | Shifted: No
===== DOMAIN SHIFT AT ROUND 10 =====
New domain distribution:
  caltech: 3 clients
  amazon: 3 clients
  webcam: 3 clients
  dslr: 1 clients

Round 10 | Mean Acc: 28.99% | Domain Accs: [43.75, 38.42, 13.79, 20.0, 43.75, 38.42, 13.79, 20.0, 43.75, 38.42, 13.79, 20.0, 43.75, 38.42, 13.79, 20.0, 43.75, 38.42, 13.79, 20.0, 43.75, 38.42, 13.79, 20.0, 43.75, 38.42, 13.79, 20.0, 43.75, 38.42, 13.79, 20.0, 43.75, 38.42, 13.79, 20.0, 43.75, 38.42, 13.79, 20.0, 43.75, 38.42, 13.79, 20.0, 43.75, 38.42, 13.79, 20.0, 43.75, 38.42, 13.79, 20.0, 43.75, 38.42, 13.79, 20.0, 43.75, 38.42, 13.79, 20.0, 43.75, 38.42, 13.79, 20.0] | Shifted: Yes
Round 11 | Mean Acc: 32.20% | Domain Accs: [45.98, 40.53, 18.97, 23.33, 45.98, 40.53, 18.97, 23.33, 45.98, 40.53, 18.97, 23.33, 45.98, 40.53, 18.97, 23.33, 45.98, 40.53, 18.97, 23.33, 45.98, 40.53, 18.97, 23.33, 45.98, 40.53, 18.97, 23.33, 45.98, 40.53, 18.97, 23.33, 45.98, 40.53, 18.97, 23.33, 45.98, 40.53, 18.97, 23.33, 45.98, 40.53, 18.97, 23.33, 45.98, 40.53, 18.97, 23.33, 45.98, 40.53, 18.97, 23.33, 45.98, 40.53, 18.97, 23.33, 45.98, 40.53, 18.97, 23.33, 45.98, 40.53, 18.97, 23.33] | Shifted: No
  ★ New best accuracy: 32.20%
Round 12 | Mean Acc: 32.50% | Domain Accs: [45.54, 38.95, 15.52, 30.0, 45.54, 38.95, 15.52, 30.0, 45.54, 38.95, 15.52, 30.0, 45.54, 38.95, 15.52, 30.0, 45.54, 38.95, 15.52, 30.0, 45.54, 38.95, 15.52, 30.0, 45.54, 38.95, 15.52, 30.0, 45.54, 38.95, 15.52, 30.0, 45.54, 38.95, 15.52, 30.0, 45.54, 38.95, 15.52, 30.0, 45.54, 38.95, 15.52, 30.0, 45.54, 38.95, 15.52, 30.0, 45.54, 38.95, 15.52, 30.0, 45.54, 38.95, 15.52, 30.0, 45.54, 38.95, 15.52, 30.0, 45.54, 38.95, 15.52, 30.0] | Shifted: No
  ★ New best accuracy: 32.50%
Round 13 | Mean Acc: 36.44% | Domain Accs: [48.21, 46.84, 20.69, 30.0, 48.21, 46.84, 20.69, 30.0, 48.21, 46.84, 20.69, 30.0, 48.21, 46.84, 20.69, 30.0, 48.21, 46.84, 20.69, 30.0, 48.21, 46.84, 20.69, 30.0, 48.21, 46.84, 20.69, 30.0, 48.21, 46.84, 20.69, 30.0, 48.21, 46.84, 20.69, 30.0, 48.21, 46.84, 20.69, 30.0, 48.21, 46.84, 20.69, 30.0, 48.21, 46.84, 20.69, 30.0, 48.21, 46.84, 20.69, 30.0, 48.21, 46.84, 20.69, 30.0, 48.21, 46.84, 20.69, 30.0, 48.21, 46.84, 20.69, 30.0] | Shifted: No
  ★ New best accuracy: 36.44%
Round 14 | Mean Acc: 33.28% | Domain Accs: [47.77, 41.58, 13.79, 30.0, 47.77, 41.58, 13.79, 30.0, 47.77, 41.58, 13.79, 30.0, 47.77, 41.58, 13.79, 30.0, 47.77, 41.58, 13.79, 30.0, 47.77, 41.58, 13.79, 30.0, 47.77, 41.58, 13.79, 30.0, 47.77, 41.58, 13.79, 30.0, 47.77, 41.58, 13.79, 30.0, 47.77, 41.58, 13.79, 30.0, 47.77, 41.58, 13.79, 30.0, 47.77, 41.58, 13.79, 30.0, 47.77, 41.58, 13.79, 30.0, 47.77, 41.58, 13.79, 30.0, 47.77, 41.58, 13.79, 30.0, 47.77, 41.58, 13.79, 30.0] | Shifted: No
===== DOMAIN SHIFT AT ROUND 15 =====
New domain distribution:
  caltech: 2 clients
  amazon: 5 clients
  webcam: 1 clients
  dslr: 2 clients

Round 15 | Mean Acc: 34.81% | Domain Accs: [46.88, 46.84, 15.52, 30.0, 46.88, 46.84, 15.52, 30.0, 46.88, 46.84, 15.52, 30.0, 46.88, 46.84, 15.52, 30.0, 46.88, 46.84, 15.52, 30.0, 46.88, 46.84, 15.52, 30.0, 46.88, 46.84, 15.52, 30.0, 46.88, 46.84, 15.52, 30.0, 46.88, 46.84, 15.52, 30.0, 46.88, 46.84, 15.52, 30.0, 46.88, 46.84, 15.52, 30.0, 46.88, 46.84, 15.52, 30.0, 46.88, 46.84, 15.52, 30.0, 46.88, 46.84, 15.52, 30.0, 46.88, 46.84, 15.52, 30.0, 46.88, 46.84, 15.52, 30.0] | Shifted: Yes
Round 16 | Mean Acc: 36.57% | Domain Accs: [47.77, 46.32, 15.52, 36.67, 47.77, 46.32, 15.52, 36.67, 47.77, 46.32, 15.52, 36.67, 47.77, 46.32, 15.52, 36.67, 47.77, 46.32, 15.52, 36.67, 47.77, 46.32, 15.52, 36.67, 47.77, 46.32, 15.52, 36.67, 47.77, 46.32, 15.52, 36.67, 47.77, 46.32, 15.52, 36.67, 47.77, 46.32, 15.52, 36.67, 47.77, 46.32, 15.52, 36.67, 47.77, 46.32, 15.52, 36.67, 47.77, 46.32, 15.52, 36.67, 47.77, 46.32, 15.52, 36.67, 47.77, 46.32, 15.52, 36.67, 47.77, 46.32, 15.52, 36.67] | Shifted: No
  ★ New best accuracy: 36.57%
Round 17 | Mean Acc: 33.94% | Domain Accs: [47.77, 45.79, 15.52, 26.67, 47.77, 45.79, 15.52, 26.67, 47.77, 45.79, 15.52, 26.67, 47.77, 45.79, 15.52, 26.67, 47.77, 45.79, 15.52, 26.67, 47.77, 45.79, 15.52, 26.67, 47.77, 45.79, 15.52, 26.67, 47.77, 45.79, 15.52, 26.67, 47.77, 45.79, 15.52, 26.67, 47.77, 45.79, 15.52, 26.67, 47.77, 45.79, 15.52, 26.67, 47.77, 45.79, 15.52, 26.67, 47.77, 45.79, 15.52, 26.67, 47.77, 45.79, 15.52, 26.67, 47.77, 45.79, 15.52, 26.67, 47.77, 45.79, 15.52, 26.67] | Shifted: No
Round 18 | Mean Acc: 36.95% | Domain Accs: [46.88, 45.26, 18.97, 36.67, 46.88, 45.26, 18.97, 36.67, 46.88, 45.26, 18.97, 36.67, 46.88, 45.26, 18.97, 36.67, 46.88, 45.26, 18.97, 36.67, 46.88, 45.26, 18.97, 36.67, 46.88, 45.26, 18.97, 36.67, 46.88, 45.26, 18.97, 36.67, 46.88, 45.26, 18.97, 36.67, 46.88, 45.26, 18.97, 36.67, 46.88, 45.26, 18.97, 36.67, 46.88, 45.26, 18.97, 36.67, 46.88, 45.26, 18.97, 36.67, 46.88, 45.26, 18.97, 36.67, 46.88, 45.26, 18.97, 36.67, 46.88, 45.26, 18.97, 36.67] | Shifted: No
  ★ New best accuracy: 36.95%
Round 19 | Mean Acc: 32.78% | Domain Accs: [46.88, 43.68, 17.24, 23.33, 46.88, 43.68, 17.24, 23.33, 46.88, 43.68, 17.24, 23.33, 46.88, 43.68, 17.24, 23.33, 46.88, 43.68, 17.24, 23.33, 46.88, 43.68, 17.24, 23.33, 46.88, 43.68, 17.24, 23.33, 46.88, 43.68, 17.24, 23.33, 46.88, 43.68, 17.24, 23.33, 46.88, 43.68, 17.24, 23.33, 46.88, 43.68, 17.24, 23.33, 46.88, 43.68, 17.24, 23.33, 46.88, 43.68, 17.24, 23.33, 46.88, 43.68, 17.24, 23.33, 46.88, 43.68, 17.24, 23.33, 46.88, 43.68, 17.24, 23.33] | Shifted: No
===== DOMAIN SHIFT AT ROUND 20 =====
New domain distribution:
  caltech: 3 clients
  amazon: 2 clients
  webcam: 3 clients
  dslr: 2 clients

Round 20 | Mean Acc: 33.74% | Domain Accs: [45.98, 48.42, 17.24, 23.33, 45.98, 48.42, 17.24, 23.33, 45.98, 48.42, 17.24, 23.33, 45.98, 48.42, 17.24, 23.33, 45.98, 48.42, 17.24, 23.33, 45.98, 48.42, 17.24, 23.33, 45.98, 48.42, 17.24, 23.33, 45.98, 48.42, 17.24, 23.33, 45.98, 48.42, 17.24, 23.33, 45.98, 48.42, 17.24, 23.33, 45.98, 48.42, 17.24, 23.33, 45.98, 48.42, 17.24, 23.33, 45.98, 48.42, 17.24, 23.33, 45.98, 48.42, 17.24, 23.33, 45.98, 48.42, 17.24, 23.33, 45.98, 48.42, 17.24, 23.33] | Shifted: Yes
Round 21 | Mean Acc: 37.07% | Domain Accs: [48.21, 47.89, 15.52, 36.67, 48.21, 47.89, 15.52, 36.67, 48.21, 47.89, 15.52, 36.67, 48.21, 47.89, 15.52, 36.67, 48.21, 47.89, 15.52, 36.67, 48.21, 47.89, 15.52, 36.67, 48.21, 47.89, 15.52, 36.67, 48.21, 47.89, 15.52, 36.67, 48.21, 47.89, 15.52, 36.67, 48.21, 47.89, 15.52, 36.67, 48.21, 47.89, 15.52, 36.67, 48.21, 47.89, 15.52, 36.67, 48.21, 47.89, 15.52, 36.67, 48.21, 47.89, 15.52, 36.67, 48.21, 47.89, 15.52, 36.67, 48.21, 47.89, 15.52, 36.67] | Shifted: No
  ★ New best accuracy: 37.07%
Round 22 | Mean Acc: 35.92% | Domain Accs: [46.43, 48.42, 15.52, 33.33, 46.43, 48.42, 15.52, 33.33, 46.43, 48.42, 15.52, 33.33, 46.43, 48.42, 15.52, 33.33, 46.43, 48.42, 15.52, 33.33, 46.43, 48.42, 15.52, 33.33, 46.43, 48.42, 15.52, 33.33, 46.43, 48.42, 15.52, 33.33, 46.43, 48.42, 15.52, 33.33, 46.43, 48.42, 15.52, 33.33, 46.43, 48.42, 15.52, 33.33, 46.43, 48.42, 15.52, 33.33, 46.43, 48.42, 15.52, 33.33, 46.43, 48.42, 15.52, 33.33, 46.43, 48.42, 15.52, 33.33, 46.43, 48.42, 15.52, 33.33] | Shifted: No
Round 23 | Mean Acc: 36.70% | Domain Accs: [45.98, 48.42, 22.41, 30.0, 45.98, 48.42, 22.41, 30.0, 45.98, 48.42, 22.41, 30.0, 45.98, 48.42, 22.41, 30.0, 45.98, 48.42, 22.41, 30.0, 45.98, 48.42, 22.41, 30.0, 45.98, 48.42, 22.41, 30.0, 45.98, 48.42, 22.41, 30.0, 45.98, 48.42, 22.41, 30.0, 45.98, 48.42, 22.41, 30.0, 45.98, 48.42, 22.41, 30.0, 45.98, 48.42, 22.41, 30.0, 45.98, 48.42, 22.41, 30.0, 45.98, 48.42, 22.41, 30.0, 45.98, 48.42, 22.41, 30.0, 45.98, 48.42, 22.41, 30.0] | Shifted: No
Round 24 | Mean Acc: 36.54% | Domain Accs: [45.98, 47.89, 18.97, 33.33, 45.98, 47.89, 18.97, 33.33, 45.98, 47.89, 18.97, 33.33, 45.98, 47.89, 18.97, 33.33, 45.98, 47.89, 18.97, 33.33, 45.98, 47.89, 18.97, 33.33, 45.98, 47.89, 18.97, 33.33, 45.98, 47.89, 18.97, 33.33, 45.98, 47.89, 18.97, 33.33, 45.98, 47.89, 18.97, 33.33, 45.98, 47.89, 18.97, 33.33, 45.98, 47.89, 18.97, 33.33, 45.98, 47.89, 18.97, 33.33, 45.98, 47.89, 18.97, 33.33, 45.98, 47.89, 18.97, 33.33, 45.98, 47.89, 18.97, 33.33] | Shifted: No
===== DOMAIN SHIFT AT ROUND 25 =====
New domain distribution:
  caltech: 4 clients
  amazon: 3 clients
  webcam: 2 clients
  dslr: 1 clients

Round 25 | Mean Acc: 37.52% | Domain Accs: [46.43, 47.89, 22.41, 33.33, 46.43, 47.89, 22.41, 33.33, 46.43, 47.89, 22.41, 33.33, 46.43, 47.89, 22.41, 33.33, 46.43, 47.89, 22.41, 33.33, 46.43, 47.89, 22.41, 33.33, 46.43, 47.89, 22.41, 33.33, 46.43, 47.89, 22.41, 33.33, 46.43, 47.89, 22.41, 33.33, 46.43, 47.89, 22.41, 33.33, 46.43, 47.89, 22.41, 33.33, 46.43, 47.89, 22.41, 33.33, 46.43, 47.89, 22.41, 33.33, 46.43, 47.89, 22.41, 33.33, 46.43, 47.89, 22.41, 33.33, 46.43, 47.89, 22.41, 33.33] | Shifted: Yes
  ★ New best accuracy: 37.52%
Round 26 | Mean Acc: 35.60% | Domain Accs: [48.21, 46.84, 20.69, 26.67, 48.21, 46.84, 20.69, 26.67, 48.21, 46.84, 20.69, 26.67, 48.21, 46.84, 20.69, 26.67, 48.21, 46.84, 20.69, 26.67, 48.21, 46.84, 20.69, 26.67, 48.21, 46.84, 20.69, 26.67, 48.21, 46.84, 20.69, 26.67, 48.21, 46.84, 20.69, 26.67, 48.21, 46.84, 20.69, 26.67, 48.21, 46.84, 20.69, 26.67, 48.21, 46.84, 20.69, 26.67, 48.21, 46.84, 20.69, 26.67, 48.21, 46.84, 20.69, 26.67, 48.21, 46.84, 20.69, 26.67, 48.21, 46.84, 20.69, 26.67] | Shifted: No
Round 27 | Mean Acc: 36.12% | Domain Accs: [47.32, 44.74, 22.41, 30.0, 47.32, 44.74, 22.41, 30.0, 47.32, 44.74, 22.41, 30.0, 47.32, 44.74, 22.41, 30.0, 47.32, 44.74, 22.41, 30.0, 47.32, 44.74, 22.41, 30.0, 47.32, 44.74, 22.41, 30.0, 47.32, 44.74, 22.41, 30.0, 47.32, 44.74, 22.41, 30.0, 47.32, 44.74, 22.41, 30.0, 47.32, 44.74, 22.41, 30.0, 47.32, 44.74, 22.41, 30.0, 47.32, 44.74, 22.41, 30.0, 47.32, 44.74, 22.41, 30.0, 47.32, 44.74, 22.41, 30.0, 47.32, 44.74, 22.41, 30.0] | Shifted: No
Round 28 | Mean Acc: 34.81% | Domain Accs: [46.88, 46.84, 15.52, 30.0, 46.88, 46.84, 15.52, 30.0, 46.88, 46.84, 15.52, 30.0, 46.88, 46.84, 15.52, 30.0, 46.88, 46.84, 15.52, 30.0, 46.88, 46.84, 15.52, 30.0, 46.88, 46.84, 15.52, 30.0, 46.88, 46.84, 15.52, 30.0, 46.88, 46.84, 15.52, 30.0, 46.88, 46.84, 15.52, 30.0, 46.88, 46.84, 15.52, 30.0, 46.88, 46.84, 15.52, 30.0, 46.88, 46.84, 15.52, 30.0, 46.88, 46.84, 15.52, 30.0, 46.88, 46.84, 15.52, 30.0, 46.88, 46.84, 15.52, 30.0] | Shifted: No
Round 29 | Mean Acc: 37.88% | Domain Accs: [47.32, 46.84, 20.69, 36.67, 47.32, 46.84, 20.69, 36.67, 47.32, 46.84, 20.69, 36.67, 47.32, 46.84, 20.69, 36.67, 47.32, 46.84, 20.69, 36.67, 47.32, 46.84, 20.69, 36.67, 47.32, 46.84, 20.69, 36.67, 47.32, 46.84, 20.69, 36.67, 47.32, 46.84, 20.69, 36.67, 47.32, 46.84, 20.69, 36.67, 47.32, 46.84, 20.69, 36.67, 47.32, 46.84, 20.69, 36.67, 47.32, 46.84, 20.69, 36.67, 47.32, 46.84, 20.69, 36.67, 47.32, 46.84, 20.69, 36.67, 47.32, 46.84, 20.69, 36.67] | Shifted: No
  ★ New best accuracy: 37.88%
===== DOMAIN SHIFT AT ROUND 30 =====
New domain distribution:
  caltech: 3 clients
  amazon: 2 clients
  webcam: 2 clients
  dslr: 3 clients

Round 30 | Mean Acc: 37.99% | Domain Accs: [50.0, 46.32, 18.97, 36.67, 50.0, 46.32, 18.97, 36.67, 50.0, 46.32, 18.97, 36.67, 50.0, 46.32, 18.97, 36.67, 50.0, 46.32, 18.97, 36.67, 50.0, 46.32, 18.97, 36.67, 50.0, 46.32, 18.97, 36.67, 50.0, 46.32, 18.97, 36.67, 50.0, 46.32, 18.97, 36.67, 50.0, 46.32, 18.97, 36.67, 50.0, 46.32, 18.97, 36.67, 50.0, 46.32, 18.97, 36.67, 50.0, 46.32, 18.97, 36.67, 50.0, 46.32, 18.97, 36.67, 50.0, 46.32, 18.97, 36.67, 50.0, 46.32, 18.97, 36.67] | Shifted: Yes
  ★ New best accuracy: 37.99%
Round 31 | Mean Acc: 37.19% | Domain Accs: [51.34, 46.84, 17.24, 33.33, 51.34, 46.84, 17.24, 33.33, 51.34, 46.84, 17.24, 33.33, 51.34, 46.84, 17.24, 33.33, 51.34, 46.84, 17.24, 33.33, 51.34, 46.84, 17.24, 33.33, 51.34, 46.84, 17.24, 33.33, 51.34, 46.84, 17.24, 33.33, 51.34, 46.84, 17.24, 33.33, 51.34, 46.84, 17.24, 33.33, 51.34, 46.84, 17.24, 33.33, 51.34, 46.84, 17.24, 33.33, 51.34, 46.84, 17.24, 33.33, 51.34, 46.84, 17.24, 33.33, 51.34, 46.84, 17.24, 33.33, 51.34, 46.84, 17.24, 33.33] | Shifted: No
Round 32 | Mean Acc: 38.03% | Domain Accs: [49.55, 46.84, 22.41, 33.33, 49.55, 46.84, 22.41, 33.33, 49.55, 46.84, 22.41, 33.33, 49.55, 46.84, 22.41, 33.33, 49.55, 46.84, 22.41, 33.33, 49.55, 46.84, 22.41, 33.33, 49.55, 46.84, 22.41, 33.33, 49.55, 46.84, 22.41, 33.33, 49.55, 46.84, 22.41, 33.33, 49.55, 46.84, 22.41, 33.33, 49.55, 46.84, 22.41, 33.33, 49.55, 46.84, 22.41, 33.33, 49.55, 46.84, 22.41, 33.33, 49.55, 46.84, 22.41, 33.33, 49.55, 46.84, 22.41, 33.33, 49.55, 46.84, 22.41, 33.33] | Shifted: No
  ★ New best accuracy: 38.03%
Round 33 | Mean Acc: 35.16% | Domain Accs: [46.43, 45.26, 18.97, 30.0, 46.43, 45.26, 18.97, 30.0, 46.43, 45.26, 18.97, 30.0, 46.43, 45.26, 18.97, 30.0, 46.43, 45.26, 18.97, 30.0, 46.43, 45.26, 18.97, 30.0, 46.43, 45.26, 18.97, 30.0, 46.43, 45.26, 18.97, 30.0, 46.43, 45.26, 18.97, 30.0, 46.43, 45.26, 18.97, 30.0, 46.43, 45.26, 18.97, 30.0, 46.43, 45.26, 18.97, 30.0, 46.43, 45.26, 18.97, 30.0, 46.43, 45.26, 18.97, 30.0, 46.43, 45.26, 18.97, 30.0, 46.43, 45.26, 18.97, 30.0] | Shifted: No
Round 34 | Mean Acc: 36.53% | Domain Accs: [49.11, 46.32, 20.69, 30.0, 49.11, 46.32, 20.69, 30.0, 49.11, 46.32, 20.69, 30.0, 49.11, 46.32, 20.69, 30.0, 49.11, 46.32, 20.69, 30.0, 49.11, 46.32, 20.69, 30.0, 49.11, 46.32, 20.69, 30.0, 49.11, 46.32, 20.69, 30.0, 49.11, 46.32, 20.69, 30.0, 49.11, 46.32, 20.69, 30.0, 49.11, 46.32, 20.69, 30.0, 49.11, 46.32, 20.69, 30.0, 49.11, 46.32, 20.69, 30.0, 49.11, 46.32, 20.69, 30.0, 49.11, 46.32, 20.69, 30.0, 49.11, 46.32, 20.69, 30.0] | Shifted: No
===== DOMAIN SHIFT AT ROUND 35 =====
New domain distribution:
  caltech: 3 clients
  amazon: 1 clients
  webcam: 3 clients
  dslr: 3 clients

Round 35 | Mean Acc: 37.01% | Domain Accs: [48.21, 45.79, 20.69, 33.33, 48.21, 45.79, 20.69, 33.33, 48.21, 45.79, 20.69, 33.33, 48.21, 45.79, 20.69, 33.33, 48.21, 45.79, 20.69, 33.33, 48.21, 45.79, 20.69, 33.33, 48.21, 45.79, 20.69, 33.33, 48.21, 45.79, 20.69, 33.33, 48.21, 45.79, 20.69, 33.33, 48.21, 45.79, 20.69, 33.33, 48.21, 45.79, 20.69, 33.33, 48.21, 45.79, 20.69, 33.33, 48.21, 45.79, 20.69, 33.33, 48.21, 45.79, 20.69, 33.33, 48.21, 45.79, 20.69, 33.33, 48.21, 45.79, 20.69, 33.33] | Shifted: Yes
Round 36 | Mean Acc: 35.56% | Domain Accs: [49.11, 45.79, 20.69, 26.67, 49.11, 45.79, 20.69, 26.67, 49.11, 45.79, 20.69, 26.67, 49.11, 45.79, 20.69, 26.67, 49.11, 45.79, 20.69, 26.67, 49.11, 45.79, 20.69, 26.67, 49.11, 45.79, 20.69, 26.67, 49.11, 45.79, 20.69, 26.67, 49.11, 45.79, 20.69, 26.67, 49.11, 45.79, 20.69, 26.67, 49.11, 45.79, 20.69, 26.67, 49.11, 45.79, 20.69, 26.67, 49.11, 45.79, 20.69, 26.67, 49.11, 45.79, 20.69, 26.67, 49.11, 45.79, 20.69, 26.67, 49.11, 45.79, 20.69, 26.67] | Shifted: No
Round 37 | Mean Acc: 35.13% | Domain Accs: [49.11, 45.79, 18.97, 26.67, 49.11, 45.79, 18.97, 26.67, 49.11, 45.79, 18.97, 26.67, 49.11, 45.79, 18.97, 26.67, 49.11, 45.79, 18.97, 26.67, 49.11, 45.79, 18.97, 26.67, 49.11, 45.79, 18.97, 26.67, 49.11, 45.79, 18.97, 26.67, 49.11, 45.79, 18.97, 26.67, 49.11, 45.79, 18.97, 26.67, 49.11, 45.79, 18.97, 26.67, 49.11, 45.79, 18.97, 26.67, 49.11, 45.79, 18.97, 26.67, 49.11, 45.79, 18.97, 26.67, 49.11, 45.79, 18.97, 26.67, 49.11, 45.79, 18.97, 26.67] | Shifted: No
Round 38 | Mean Acc: 35.67% | Domain Accs: [50.89, 47.89, 17.24, 26.67, 50.89, 47.89, 17.24, 26.67, 50.89, 47.89, 17.24, 26.67, 50.89, 47.89, 17.24, 26.67, 50.89, 47.89, 17.24, 26.67, 50.89, 47.89, 17.24, 26.67, 50.89, 47.89, 17.24, 26.67, 50.89, 47.89, 17.24, 26.67, 50.89, 47.89, 17.24, 26.67, 50.89, 47.89, 17.24, 26.67, 50.89, 47.89, 17.24, 26.67, 50.89, 47.89, 17.24, 26.67, 50.89, 47.89, 17.24, 26.67, 50.89, 47.89, 17.24, 26.67, 50.89, 47.89, 17.24, 26.67, 50.89, 47.89, 17.24, 26.67] | Shifted: No
Round 39 | Mean Acc: 35.09% | Domain Accs: [47.32, 45.79, 17.24, 30.0, 47.32, 45.79, 17.24, 30.0, 47.32, 45.79, 17.24, 30.0, 47.32, 45.79, 17.24, 30.0, 47.32, 45.79, 17.24, 30.0, 47.32, 45.79, 17.24, 30.0, 47.32, 45.79, 17.24, 30.0, 47.32, 45.79, 17.24, 30.0, 47.32, 45.79, 17.24, 30.0, 47.32, 45.79, 17.24, 30.0, 47.32, 45.79, 17.24, 30.0, 47.32, 45.79, 17.24, 30.0, 47.32, 45.79, 17.24, 30.0, 47.32, 45.79, 17.24, 30.0, 47.32, 45.79, 17.24, 30.0, 47.32, 45.79, 17.24, 30.0] | Shifted: No
===== DOMAIN SHIFT AT ROUND 40 =====
New domain distribution:
  caltech: 3 clients
  amazon: 0 clients
  webcam: 5 clients
  dslr: 2 clients

Round 40 | Mean Acc: 36.38% | Domain Accs: [46.43, 48.42, 20.69, 30.0, 46.43, 48.42, 20.69, 30.0, 46.43, 48.42, 20.69, 30.0, 46.43, 48.42, 20.69, 30.0, 46.43, 48.42, 20.69, 30.0, 46.43, 48.42, 20.69, 30.0, 46.43, 48.42, 20.69, 30.0, 46.43, 48.42, 20.69, 30.0, 46.43, 48.42, 20.69, 30.0, 46.43, 48.42, 20.69, 30.0, 46.43, 48.42, 20.69, 30.0, 46.43, 48.42, 20.69, 30.0, 46.43, 48.42, 20.69, 30.0, 46.43, 48.42, 20.69, 30.0, 46.43, 48.42, 20.69, 30.0, 46.43, 48.42, 20.69, 30.0] | Shifted: Yes
Round 41 | Mean Acc: 36.88% | Domain Accs: [50.0, 46.84, 20.69, 30.0, 50.0, 46.84, 20.69, 30.0, 50.0, 46.84, 20.69, 30.0, 50.0, 46.84, 20.69, 30.0, 50.0, 46.84, 20.69, 30.0, 50.0, 46.84, 20.69, 30.0, 50.0, 46.84, 20.69, 30.0, 50.0, 46.84, 20.69, 30.0, 50.0, 46.84, 20.69, 30.0, 50.0, 46.84, 20.69, 30.0, 50.0, 46.84, 20.69, 30.0, 50.0, 46.84, 20.69, 30.0, 50.0, 46.84, 20.69, 30.0, 50.0, 46.84, 20.69, 30.0, 50.0, 46.84, 20.69, 30.0, 50.0, 46.84, 20.69, 30.0] | Shifted: No
Round 42 | Mean Acc: 34.91% | Domain Accs: [48.21, 45.79, 18.97, 26.67, 48.21, 45.79, 18.97, 26.67, 48.21, 45.79, 18.97, 26.67, 48.21, 45.79, 18.97, 26.67, 48.21, 45.79, 18.97, 26.67, 48.21, 45.79, 18.97, 26.67, 48.21, 45.79, 18.97, 26.67, 48.21, 45.79, 18.97, 26.67, 48.21, 45.79, 18.97, 26.67, 48.21, 45.79, 18.97, 26.67, 48.21, 45.79, 18.97, 26.67, 48.21, 45.79, 18.97, 26.67, 48.21, 45.79, 18.97, 26.67, 48.21, 45.79, 18.97, 26.67, 48.21, 45.79, 18.97, 26.67, 48.21, 45.79, 18.97, 26.67] | Shifted: No
Round 43 | Mean Acc: 35.00% | Domain Accs: [46.43, 46.32, 17.24, 30.0, 46.43, 46.32, 17.24, 30.0, 46.43, 46.32, 17.24, 30.0, 46.43, 46.32, 17.24, 30.0, 46.43, 46.32, 17.24, 30.0, 46.43, 46.32, 17.24, 30.0, 46.43, 46.32, 17.24, 30.0, 46.43, 46.32, 17.24, 30.0, 46.43, 46.32, 17.24, 30.0, 46.43, 46.32, 17.24, 30.0, 46.43, 46.32, 17.24, 30.0, 46.43, 46.32, 17.24, 30.0, 46.43, 46.32, 17.24, 30.0, 46.43, 46.32, 17.24, 30.0, 46.43, 46.32, 17.24, 30.0, 46.43, 46.32, 17.24, 30.0] | Shifted: No
Round 44 | Mean Acc: 37.79% | Domain Accs: [46.43, 47.37, 20.69, 36.67, 46.43, 47.37, 20.69, 36.67, 46.43, 47.37, 20.69, 36.67, 46.43, 47.37, 20.69, 36.67, 46.43, 47.37, 20.69, 36.67, 46.43, 47.37, 20.69, 36.67, 46.43, 47.37, 20.69, 36.67, 46.43, 47.37, 20.69, 36.67, 46.43, 47.37, 20.69, 36.67, 46.43, 47.37, 20.69, 36.67, 46.43, 47.37, 20.69, 36.67, 46.43, 47.37, 20.69, 36.67, 46.43, 47.37, 20.69, 36.67, 46.43, 47.37, 20.69, 36.67, 46.43, 47.37, 20.69, 36.67, 46.43, 47.37, 20.69, 36.67] | Shifted: No
===== DOMAIN SHIFT AT ROUND 45 =====
New domain distribution:
  caltech: 2 clients
  amazon: 2 clients
  webcam: 3 clients
  dslr: 3 clients

Round 45 | Mean Acc: 36.80% | Domain Accs: [49.11, 45.79, 18.97, 33.33, 49.11, 45.79, 18.97, 33.33, 49.11, 45.79, 18.97, 33.33, 49.11, 45.79, 18.97, 33.33, 49.11, 45.79, 18.97, 33.33, 49.11, 45.79, 18.97, 33.33, 49.11, 45.79, 18.97, 33.33, 49.11, 45.79, 18.97, 33.33, 49.11, 45.79, 18.97, 33.33, 49.11, 45.79, 18.97, 33.33, 49.11, 45.79, 18.97, 33.33, 49.11, 45.79, 18.97, 33.33, 49.11, 45.79, 18.97, 33.33, 49.11, 45.79, 18.97, 33.33, 49.11, 45.79, 18.97, 33.33, 49.11, 45.79, 18.97, 33.33] | Shifted: Yes
Round 46 | Mean Acc: 35.10% | Domain Accs: [46.88, 47.89, 18.97, 26.67, 46.88, 47.89, 18.97, 26.67, 46.88, 47.89, 18.97, 26.67, 46.88, 47.89, 18.97, 26.67, 46.88, 47.89, 18.97, 26.67, 46.88, 47.89, 18.97, 26.67, 46.88, 47.89, 18.97, 26.67, 46.88, 47.89, 18.97, 26.67, 46.88, 47.89, 18.97, 26.67, 46.88, 47.89, 18.97, 26.67, 46.88, 47.89, 18.97, 26.67, 46.88, 47.89, 18.97, 26.67, 46.88, 47.89, 18.97, 26.67, 46.88, 47.89, 18.97, 26.67, 46.88, 47.89, 18.97, 26.67, 46.88, 47.89, 18.97, 26.67] | Shifted: No
Round 47 | Mean Acc: 35.95% | Domain Accs: [48.66, 47.89, 17.24, 30.0, 48.66, 47.89, 17.24, 30.0, 48.66, 47.89, 17.24, 30.0, 48.66, 47.89, 17.24, 30.0, 48.66, 47.89, 17.24, 30.0, 48.66, 47.89, 17.24, 30.0, 48.66, 47.89, 17.24, 30.0, 48.66, 47.89, 17.24, 30.0, 48.66, 47.89, 17.24, 30.0, 48.66, 47.89, 17.24, 30.0, 48.66, 47.89, 17.24, 30.0, 48.66, 47.89, 17.24, 30.0, 48.66, 47.89, 17.24, 30.0, 48.66, 47.89, 17.24, 30.0, 48.66, 47.89, 17.24, 30.0, 48.66, 47.89, 17.24, 30.0] | Shifted: No
Round 48 | Mean Acc: 37.40% | Domain Accs: [48.21, 47.37, 20.69, 33.33, 48.21, 47.37, 20.69, 33.33, 48.21, 47.37, 20.69, 33.33, 48.21, 47.37, 20.69, 33.33, 48.21, 47.37, 20.69, 33.33, 48.21, 47.37, 20.69, 33.33, 48.21, 47.37, 20.69, 33.33, 48.21, 47.37, 20.69, 33.33, 48.21, 47.37, 20.69, 33.33, 48.21, 47.37, 20.69, 33.33, 48.21, 47.37, 20.69, 33.33, 48.21, 47.37, 20.69, 33.33, 48.21, 47.37, 20.69, 33.33, 48.21, 47.37, 20.69, 33.33, 48.21, 47.37, 20.69, 33.33, 48.21, 47.37, 20.69, 33.33] | Shifted: No
Round 49 | Mean Acc: 35.74% | Domain Accs: [47.32, 48.42, 17.24, 30.0, 47.32, 48.42, 17.24, 30.0, 47.32, 48.42, 17.24, 30.0, 47.32, 48.42, 17.24, 30.0, 47.32, 48.42, 17.24, 30.0, 47.32, 48.42, 17.24, 30.0, 47.32, 48.42, 17.24, 30.0, 47.32, 48.42, 17.24, 30.0, 47.32, 48.42, 17.24, 30.0, 47.32, 48.42, 17.24, 30.0, 47.32, 48.42, 17.24, 30.0, 47.32, 48.42, 17.24, 30.0, 47.32, 48.42, 17.24, 30.0, 47.32, 48.42, 17.24, 30.0, 47.32, 48.42, 17.24, 30.0, 47.32, 48.42, 17.24, 30.0] | Shifted: No
===== DOMAIN SHIFT AT ROUND 50 =====
New domain distribution:
  caltech: 5 clients
  amazon: 2 clients
  webcam: 2 clients
  dslr: 1 clients

Round 50 | Mean Acc: 37.56% | Domain Accs: [47.77, 46.84, 18.97, 36.67, 47.77, 46.84, 18.97, 36.67, 47.77, 46.84, 18.97, 36.67, 47.77, 46.84, 18.97, 36.67, 47.77, 46.84, 18.97, 36.67, 47.77, 46.84, 18.97, 36.67, 47.77, 46.84, 18.97, 36.67, 47.77, 46.84, 18.97, 36.67, 47.77, 46.84, 18.97, 36.67, 47.77, 46.84, 18.97, 36.67, 47.77, 46.84, 18.97, 36.67, 47.77, 46.84, 18.97, 36.67, 47.77, 46.84, 18.97, 36.67, 47.77, 46.84, 18.97, 36.67, 47.77, 46.84, 18.97, 36.67, 47.77, 46.84, 18.97, 36.67] | Shifted: Yes
Round 51 | Mean Acc: 36.38% | Domain Accs: [46.43, 48.42, 20.69, 30.0, 46.43, 48.42, 20.69, 30.0, 46.43, 48.42, 20.69, 30.0, 46.43, 48.42, 20.69, 30.0, 46.43, 48.42, 20.69, 30.0, 46.43, 48.42, 20.69, 30.0, 46.43, 48.42, 20.69, 30.0, 46.43, 48.42, 20.69, 30.0, 46.43, 48.42, 20.69, 30.0, 46.43, 48.42, 20.69, 30.0, 46.43, 48.42, 20.69, 30.0, 46.43, 48.42, 20.69, 30.0, 46.43, 48.42, 20.69, 30.0, 46.43, 48.42, 20.69, 30.0, 46.43, 48.42, 20.69, 30.0, 46.43, 48.42, 20.69, 30.0] | Shifted: No
Round 52 | Mean Acc: 35.57% | Domain Accs: [48.21, 46.84, 17.24, 30.0, 48.21, 46.84, 17.24, 30.0, 48.21, 46.84, 17.24, 30.0, 48.21, 46.84, 17.24, 30.0, 48.21, 46.84, 17.24, 30.0, 48.21, 46.84, 17.24, 30.0, 48.21, 46.84, 17.24, 30.0, 48.21, 46.84, 17.24, 30.0, 48.21, 46.84, 17.24, 30.0, 48.21, 46.84, 17.24, 30.0, 48.21, 46.84, 17.24, 30.0, 48.21, 46.84, 17.24, 30.0, 48.21, 46.84, 17.24, 30.0, 48.21, 46.84, 17.24, 30.0, 48.21, 46.84, 17.24, 30.0, 48.21, 46.84, 17.24, 30.0] | Shifted: No
Round 53 | Mean Acc: 37.08% | Domain Accs: [48.66, 47.37, 18.97, 33.33, 48.66, 47.37, 18.97, 33.33, 48.66, 47.37, 18.97, 33.33, 48.66, 47.37, 18.97, 33.33, 48.66, 47.37, 18.97, 33.33, 48.66, 47.37, 18.97, 33.33, 48.66, 47.37, 18.97, 33.33, 48.66, 47.37, 18.97, 33.33, 48.66, 47.37, 18.97, 33.33, 48.66, 47.37, 18.97, 33.33, 48.66, 47.37, 18.97, 33.33, 48.66, 47.37, 18.97, 33.33, 48.66, 47.37, 18.97, 33.33, 48.66, 47.37, 18.97, 33.33, 48.66, 47.37, 18.97, 33.33, 48.66, 47.37, 18.97, 33.33] | Shifted: No
Round 54 | Mean Acc: 36.87% | Domain Accs: [47.77, 45.79, 17.24, 36.67, 47.77, 45.79, 17.24, 36.67, 47.77, 45.79, 17.24, 36.67, 47.77, 45.79, 17.24, 36.67, 47.77, 45.79, 17.24, 36.67, 47.77, 45.79, 17.24, 36.67, 47.77, 45.79, 17.24, 36.67, 47.77, 45.79, 17.24, 36.67, 47.77, 45.79, 17.24, 36.67, 47.77, 45.79, 17.24, 36.67, 47.77, 45.79, 17.24, 36.67, 47.77, 45.79, 17.24, 36.67, 47.77, 45.79, 17.24, 36.67, 47.77, 45.79, 17.24, 36.67, 47.77, 45.79, 17.24, 36.67, 47.77, 45.79, 17.24, 36.67] | Shifted: No
===== DOMAIN SHIFT AT ROUND 55 =====
New domain distribution:
  caltech: 4 clients
  amazon: 2 clients
  webcam: 1 clients
  dslr: 3 clients

Round 55 | Mean Acc: 34.05% | Domain Accs: [45.98, 46.32, 17.24, 26.67, 45.98, 46.32, 17.24, 26.67, 45.98, 46.32, 17.24, 26.67, 45.98, 46.32, 17.24, 26.67, 45.98, 46.32, 17.24, 26.67, 45.98, 46.32, 17.24, 26.67, 45.98, 46.32, 17.24, 26.67, 45.98, 46.32, 17.24, 26.67, 45.98, 46.32, 17.24, 26.67, 45.98, 46.32, 17.24, 26.67, 45.98, 46.32, 17.24, 26.67, 45.98, 46.32, 17.24, 26.67, 45.98, 46.32, 17.24, 26.67, 45.98, 46.32, 17.24, 26.67, 45.98, 46.32, 17.24, 26.67, 45.98, 46.32, 17.24, 26.67] | Shifted: Yes
Round 56 | Mean Acc: 37.99% | Domain Accs: [50.0, 46.32, 18.97, 36.67, 50.0, 46.32, 18.97, 36.67, 50.0, 46.32, 18.97, 36.67, 50.0, 46.32, 18.97, 36.67, 50.0, 46.32, 18.97, 36.67, 50.0, 46.32, 18.97, 36.67, 50.0, 46.32, 18.97, 36.67, 50.0, 46.32, 18.97, 36.67, 50.0, 46.32, 18.97, 36.67, 50.0, 46.32, 18.97, 36.67, 50.0, 46.32, 18.97, 36.67, 50.0, 46.32, 18.97, 36.67, 50.0, 46.32, 18.97, 36.67, 50.0, 46.32, 18.97, 36.67, 50.0, 46.32, 18.97, 36.67, 50.0, 46.32, 18.97, 36.67] | Shifted: No
Round 57 | Mean Acc: 36.56% | Domain Accs: [47.77, 47.89, 17.24, 33.33, 47.77, 47.89, 17.24, 33.33, 47.77, 47.89, 17.24, 33.33, 47.77, 47.89, 17.24, 33.33, 47.77, 47.89, 17.24, 33.33, 47.77, 47.89, 17.24, 33.33, 47.77, 47.89, 17.24, 33.33, 47.77, 47.89, 17.24, 33.33, 47.77, 47.89, 17.24, 33.33, 47.77, 47.89, 17.24, 33.33, 47.77, 47.89, 17.24, 33.33, 47.77, 47.89, 17.24, 33.33, 47.77, 47.89, 17.24, 33.33, 47.77, 47.89, 17.24, 33.33, 47.77, 47.89, 17.24, 33.33, 47.77, 47.89, 17.24, 33.33] | Shifted: No
Round 58 | Mean Acc: 35.00% | Domain Accs: [49.11, 45.26, 18.97, 26.67, 49.11, 45.26, 18.97, 26.67, 49.11, 45.26, 18.97, 26.67, 49.11, 45.26, 18.97, 26.67, 49.11, 45.26, 18.97, 26.67, 49.11, 45.26, 18.97, 26.67, 49.11, 45.26, 18.97, 26.67, 49.11, 45.26, 18.97, 26.67, 49.11, 45.26, 18.97, 26.67, 49.11, 45.26, 18.97, 26.67, 49.11, 45.26, 18.97, 26.67, 49.11, 45.26, 18.97, 26.67, 49.11, 45.26, 18.97, 26.67, 49.11, 45.26, 18.97, 26.67, 49.11, 45.26, 18.97, 26.67, 49.11, 45.26, 18.97, 26.67] | Shifted: No
Round 59 | Mean Acc: 35.69% | Domain Accs: [48.66, 46.84, 17.24, 30.0, 48.66, 46.84, 17.24, 30.0, 48.66, 46.84, 17.24, 30.0, 48.66, 46.84, 17.24, 30.0, 48.66, 46.84, 17.24, 30.0, 48.66, 46.84, 17.24, 30.0, 48.66, 46.84, 17.24, 30.0, 48.66, 46.84, 17.24, 30.0, 48.66, 46.84, 17.24, 30.0, 48.66, 46.84, 17.24, 30.0, 48.66, 46.84, 17.24, 30.0, 48.66, 46.84, 17.24, 30.0, 48.66, 46.84, 17.24, 30.0, 48.66, 46.84, 17.24, 30.0, 48.66, 46.84, 17.24, 30.0, 48.66, 46.84, 17.24, 30.0] | Shifted: No
===== DOMAIN SHIFT AT ROUND 60 =====
New domain distribution:
  caltech: 4 clients
  amazon: 2 clients
  webcam: 2 clients
  dslr: 2 clients

Round 60 | Mean Acc: 33.75% | Domain Accs: [45.98, 46.84, 15.52, 26.67, 45.98, 46.84, 15.52, 26.67, 45.98, 46.84, 15.52, 26.67, 45.98, 46.84, 15.52, 26.67, 45.98, 46.84, 15.52, 26.67, 45.98, 46.84, 15.52, 26.67, 45.98, 46.84, 15.52, 26.67, 45.98, 46.84, 15.52, 26.67, 45.98, 46.84, 15.52, 26.67, 45.98, 46.84, 15.52, 26.67, 45.98, 46.84, 15.52, 26.67, 45.98, 46.84, 15.52, 26.67, 45.98, 46.84, 15.52, 26.67, 45.98, 46.84, 15.52, 26.67, 45.98, 46.84, 15.52, 26.67, 45.98, 46.84, 15.52, 26.67] | Shifted: Yes
Round 61 | Mean Acc: 35.98% | Domain Accs: [48.66, 47.89, 20.69, 26.67, 48.66, 47.89, 20.69, 26.67, 48.66, 47.89, 20.69, 26.67, 48.66, 47.89, 20.69, 26.67, 48.66, 47.89, 20.69, 26.67, 48.66, 47.89, 20.69, 26.67, 48.66, 47.89, 20.69, 26.67, 48.66, 47.89, 20.69, 26.67, 48.66, 47.89, 20.69, 26.67, 48.66, 47.89, 20.69, 26.67, 48.66, 47.89, 20.69, 26.67, 48.66, 47.89, 20.69, 26.67, 48.66, 47.89, 20.69, 26.67, 48.66, 47.89, 20.69, 26.67, 48.66, 47.89, 20.69, 26.67, 48.66, 47.89, 20.69, 26.67] | Shifted: No
Round 62 | Mean Acc: 36.12% | Domain Accs: [48.66, 46.84, 18.97, 30.0, 48.66, 46.84, 18.97, 30.0, 48.66, 46.84, 18.97, 30.0, 48.66, 46.84, 18.97, 30.0, 48.66, 46.84, 18.97, 30.0, 48.66, 46.84, 18.97, 30.0, 48.66, 46.84, 18.97, 30.0, 48.66, 46.84, 18.97, 30.0, 48.66, 46.84, 18.97, 30.0, 48.66, 46.84, 18.97, 30.0, 48.66, 46.84, 18.97, 30.0, 48.66, 46.84, 18.97, 30.0, 48.66, 46.84, 18.97, 30.0, 48.66, 46.84, 18.97, 30.0, 48.66, 46.84, 18.97, 30.0, 48.66, 46.84, 18.97, 30.0] | Shifted: No
Round 63 | Mean Acc: 36.48% | Domain Accs: [48.66, 48.42, 15.52, 33.33, 48.66, 48.42, 15.52, 33.33, 48.66, 48.42, 15.52, 33.33, 48.66, 48.42, 15.52, 33.33, 48.66, 48.42, 15.52, 33.33, 48.66, 48.42, 15.52, 33.33, 48.66, 48.42, 15.52, 33.33, 48.66, 48.42, 15.52, 33.33, 48.66, 48.42, 15.52, 33.33, 48.66, 48.42, 15.52, 33.33, 48.66, 48.42, 15.52, 33.33, 48.66, 48.42, 15.52, 33.33, 48.66, 48.42, 15.52, 33.33, 48.66, 48.42, 15.52, 33.33, 48.66, 48.42, 15.52, 33.33, 48.66, 48.42, 15.52, 33.33] | Shifted: No
Round 64 | Mean Acc: 37.55% | Domain Accs: [46.43, 46.32, 24.14, 33.33, 46.43, 46.32, 24.14, 33.33, 46.43, 46.32, 24.14, 33.33, 46.43, 46.32, 24.14, 33.33, 46.43, 46.32, 24.14, 33.33, 46.43, 46.32, 24.14, 33.33, 46.43, 46.32, 24.14, 33.33, 46.43, 46.32, 24.14, 33.33, 46.43, 46.32, 24.14, 33.33, 46.43, 46.32, 24.14, 33.33, 46.43, 46.32, 24.14, 33.33, 46.43, 46.32, 24.14, 33.33, 46.43, 46.32, 24.14, 33.33, 46.43, 46.32, 24.14, 33.33, 46.43, 46.32, 24.14, 33.33, 46.43, 46.32, 24.14, 33.33] | Shifted: No
===== DOMAIN SHIFT AT ROUND 65 =====
New domain distribution:
  caltech: 4 clients
  amazon: 2 clients
  webcam: 3 clients
  dslr: 1 clients

Round 65 | Mean Acc: 36.16% | Domain Accs: [47.77, 47.89, 18.97, 30.0, 47.77, 47.89, 18.97, 30.0, 47.77, 47.89, 18.97, 30.0, 47.77, 47.89, 18.97, 30.0, 47.77, 47.89, 18.97, 30.0, 47.77, 47.89, 18.97, 30.0, 47.77, 47.89, 18.97, 30.0, 47.77, 47.89, 18.97, 30.0, 47.77, 47.89, 18.97, 30.0, 47.77, 47.89, 18.97, 30.0, 47.77, 47.89, 18.97, 30.0, 47.77, 47.89, 18.97, 30.0, 47.77, 47.89, 18.97, 30.0, 47.77, 47.89, 18.97, 30.0, 47.77, 47.89, 18.97, 30.0, 47.77, 47.89, 18.97, 30.0] | Shifted: Yes
Round 66 | Mean Acc: 34.31% | Domain Accs: [48.21, 46.84, 15.52, 26.67, 48.21, 46.84, 15.52, 26.67, 48.21, 46.84, 15.52, 26.67, 48.21, 46.84, 15.52, 26.67, 48.21, 46.84, 15.52, 26.67, 48.21, 46.84, 15.52, 26.67, 48.21, 46.84, 15.52, 26.67, 48.21, 46.84, 15.52, 26.67, 48.21, 46.84, 15.52, 26.67, 48.21, 46.84, 15.52, 26.67, 48.21, 46.84, 15.52, 26.67, 48.21, 46.84, 15.52, 26.67, 48.21, 46.84, 15.52, 26.67, 48.21, 46.84, 15.52, 26.67, 48.21, 46.84, 15.52, 26.67, 48.21, 46.84, 15.52, 26.67] | Shifted: No
Round 67 | Mean Acc: 36.70% | Domain Accs: [48.21, 47.89, 20.69, 30.0, 48.21, 47.89, 20.69, 30.0, 48.21, 47.89, 20.69, 30.0, 48.21, 47.89, 20.69, 30.0, 48.21, 47.89, 20.69, 30.0, 48.21, 47.89, 20.69, 30.0, 48.21, 47.89, 20.69, 30.0, 48.21, 47.89, 20.69, 30.0, 48.21, 47.89, 20.69, 30.0, 48.21, 47.89, 20.69, 30.0, 48.21, 47.89, 20.69, 30.0, 48.21, 47.89, 20.69, 30.0, 48.21, 47.89, 20.69, 30.0, 48.21, 47.89, 20.69, 30.0, 48.21, 47.89, 20.69, 30.0, 48.21, 47.89, 20.69, 30.0] | Shifted: No
Round 68 | Mean Acc: 36.62% | Domain Accs: [47.32, 46.84, 18.97, 33.33, 47.32, 46.84, 18.97, 33.33, 47.32, 46.84, 18.97, 33.33, 47.32, 46.84, 18.97, 33.33, 47.32, 46.84, 18.97, 33.33, 47.32, 46.84, 18.97, 33.33, 47.32, 46.84, 18.97, 33.33, 47.32, 46.84, 18.97, 33.33, 47.32, 46.84, 18.97, 33.33, 47.32, 46.84, 18.97, 33.33, 47.32, 46.84, 18.97, 33.33, 47.32, 46.84, 18.97, 33.33, 47.32, 46.84, 18.97, 33.33, 47.32, 46.84, 18.97, 33.33, 47.32, 46.84, 18.97, 33.33, 47.32, 46.84, 18.97, 33.33] | Shifted: No
Round 69 | Mean Acc: 36.73% | Domain Accs: [47.77, 46.84, 18.97, 33.33, 47.77, 46.84, 18.97, 33.33, 47.77, 46.84, 18.97, 33.33, 47.77, 46.84, 18.97, 33.33, 47.77, 46.84, 18.97, 33.33, 47.77, 46.84, 18.97, 33.33, 47.77, 46.84, 18.97, 33.33, 47.77, 46.84, 18.97, 33.33, 47.77, 46.84, 18.97, 33.33, 47.77, 46.84, 18.97, 33.33, 47.77, 46.84, 18.97, 33.33, 47.77, 46.84, 18.97, 33.33, 47.77, 46.84, 18.97, 33.33, 47.77, 46.84, 18.97, 33.33, 47.77, 46.84, 18.97, 33.33, 47.77, 46.84, 18.97, 33.33] | Shifted: No
===== DOMAIN SHIFT AT ROUND 70 =====
New domain distribution:
  caltech: 4 clients
  amazon: 4 clients
  webcam: 1 clients
  dslr: 1 clients

Round 70 | Mean Acc: 38.12% | Domain Accs: [47.77, 47.37, 20.69, 36.67, 47.77, 47.37, 20.69, 36.67, 47.77, 47.37, 20.69, 36.67, 47.77, 47.37, 20.69, 36.67, 47.77, 47.37, 20.69, 36.67, 47.77, 47.37, 20.69, 36.67, 47.77, 47.37, 20.69, 36.67, 47.77, 47.37, 20.69, 36.67, 47.77, 47.37, 20.69, 36.67, 47.77, 47.37, 20.69, 36.67, 47.77, 47.37, 20.69, 36.67, 47.77, 47.37, 20.69, 36.67, 47.77, 47.37, 20.69, 36.67, 47.77, 47.37, 20.69, 36.67, 47.77, 47.37, 20.69, 36.67, 47.77, 47.37, 20.69, 36.67] | Shifted: Yes
  ★ New best accuracy: 38.12%
Round 71 | Mean Acc: 35.98% | Domain Accs: [48.21, 46.84, 15.52, 33.33, 48.21, 46.84, 15.52, 33.33, 48.21, 46.84, 15.52, 33.33, 48.21, 46.84, 15.52, 33.33, 48.21, 46.84, 15.52, 33.33, 48.21, 46.84, 15.52, 33.33, 48.21, 46.84, 15.52, 33.33, 48.21, 46.84, 15.52, 33.33, 48.21, 46.84, 15.52, 33.33, 48.21, 46.84, 15.52, 33.33, 48.21, 46.84, 15.52, 33.33, 48.21, 46.84, 15.52, 33.33, 48.21, 46.84, 15.52, 33.33, 48.21, 46.84, 15.52, 33.33, 48.21, 46.84, 15.52, 33.33, 48.21, 46.84, 15.52, 33.33] | Shifted: No
Round 72 | Mean Acc: 36.34% | Domain Accs: [47.32, 47.37, 20.69, 30.0, 47.32, 47.37, 20.69, 30.0, 47.32, 47.37, 20.69, 30.0, 47.32, 47.37, 20.69, 30.0, 47.32, 47.37, 20.69, 30.0, 47.32, 47.37, 20.69, 30.0, 47.32, 47.37, 20.69, 30.0, 47.32, 47.37, 20.69, 30.0, 47.32, 47.37, 20.69, 30.0, 47.32, 47.37, 20.69, 30.0, 47.32, 47.37, 20.69, 30.0, 47.32, 47.37, 20.69, 30.0, 47.32, 47.37, 20.69, 30.0, 47.32, 47.37, 20.69, 30.0, 47.32, 47.37, 20.69, 30.0, 47.32, 47.37, 20.69, 30.0] | Shifted: No
Round 73 | Mean Acc: 36.75% | Domain Accs: [47.32, 47.37, 18.97, 33.33, 47.32, 47.37, 18.97, 33.33, 47.32, 47.37, 18.97, 33.33, 47.32, 47.37, 18.97, 33.33, 47.32, 47.37, 18.97, 33.33, 47.32, 47.37, 18.97, 33.33, 47.32, 47.37, 18.97, 33.33, 47.32, 47.37, 18.97, 33.33, 47.32, 47.37, 18.97, 33.33, 47.32, 47.37, 18.97, 33.33, 47.32, 47.37, 18.97, 33.33, 47.32, 47.37, 18.97, 33.33, 47.32, 47.37, 18.97, 33.33, 47.32, 47.37, 18.97, 33.33, 47.32, 47.37, 18.97, 33.33, 47.32, 47.37, 18.97, 33.33] | Shifted: No
Round 74 | Mean Acc: 36.95% | Domain Accs: [48.66, 46.84, 18.97, 33.33, 48.66, 46.84, 18.97, 33.33, 48.66, 46.84, 18.97, 33.33, 48.66, 46.84, 18.97, 33.33, 48.66, 46.84, 18.97, 33.33, 48.66, 46.84, 18.97, 33.33, 48.66, 46.84, 18.97, 33.33, 48.66, 46.84, 18.97, 33.33, 48.66, 46.84, 18.97, 33.33, 48.66, 46.84, 18.97, 33.33, 48.66, 46.84, 18.97, 33.33, 48.66, 46.84, 18.97, 33.33, 48.66, 46.84, 18.97, 33.33, 48.66, 46.84, 18.97, 33.33, 48.66, 46.84, 18.97, 33.33, 48.66, 46.84, 18.97, 33.33] | Shifted: No
===== DOMAIN SHIFT AT ROUND 75 =====
New domain distribution:
  caltech: 7 clients
  amazon: 2 clients
  webcam: 0 clients
  dslr: 1 clients

Round 75 | Mean Acc: 37.66% | Domain Accs: [50.45, 47.89, 18.97, 33.33, 50.45, 47.89, 18.97, 33.33, 50.45, 47.89, 18.97, 33.33, 50.45, 47.89, 18.97, 33.33, 50.45, 47.89, 18.97, 33.33, 50.45, 47.89, 18.97, 33.33, 50.45, 47.89, 18.97, 33.33, 50.45, 47.89, 18.97, 33.33, 50.45, 47.89, 18.97, 33.33, 50.45, 47.89, 18.97, 33.33, 50.45, 47.89, 18.97, 33.33, 50.45, 47.89, 18.97, 33.33, 50.45, 47.89, 18.97, 33.33, 50.45, 47.89, 18.97, 33.33, 50.45, 47.89, 18.97, 33.33, 50.45, 47.89, 18.97, 33.33] | Shifted: Yes
Round 76 | Mean Acc: 36.20% | Domain Accs: [46.88, 47.37, 17.24, 33.33, 46.88, 47.37, 17.24, 33.33, 46.88, 47.37, 17.24, 33.33, 46.88, 47.37, 17.24, 33.33, 46.88, 47.37, 17.24, 33.33, 46.88, 47.37, 17.24, 33.33, 46.88, 47.37, 17.24, 33.33, 46.88, 47.37, 17.24, 33.33, 46.88, 47.37, 17.24, 33.33, 46.88, 47.37, 17.24, 33.33, 46.88, 47.37, 17.24, 33.33, 46.88, 47.37, 17.24, 33.33, 46.88, 47.37, 17.24, 33.33, 46.88, 47.37, 17.24, 33.33, 46.88, 47.37, 17.24, 33.33, 46.88, 47.37, 17.24, 33.33] | Shifted: No
Round 77 | Mean Acc: 36.39% | Domain Accs: [46.43, 46.84, 18.97, 33.33, 46.43, 46.84, 18.97, 33.33, 46.43, 46.84, 18.97, 33.33, 46.43, 46.84, 18.97, 33.33, 46.43, 46.84, 18.97, 33.33, 46.43, 46.84, 18.97, 33.33, 46.43, 46.84, 18.97, 33.33, 46.43, 46.84, 18.97, 33.33, 46.43, 46.84, 18.97, 33.33, 46.43, 46.84, 18.97, 33.33, 46.43, 46.84, 18.97, 33.33, 46.43, 46.84, 18.97, 33.33, 46.43, 46.84, 18.97, 33.33, 46.43, 46.84, 18.97, 33.33, 46.43, 46.84, 18.97, 33.33, 46.43, 46.84, 18.97, 33.33] | Shifted: No
Round 78 | Mean Acc: 36.59% | Domain Accs: [47.32, 46.84, 15.52, 36.67, 47.32, 46.84, 15.52, 36.67, 47.32, 46.84, 15.52, 36.67, 47.32, 46.84, 15.52, 36.67, 47.32, 46.84, 15.52, 36.67, 47.32, 46.84, 15.52, 36.67, 47.32, 46.84, 15.52, 36.67, 47.32, 46.84, 15.52, 36.67, 47.32, 46.84, 15.52, 36.67, 47.32, 46.84, 15.52, 36.67, 47.32, 46.84, 15.52, 36.67, 47.32, 46.84, 15.52, 36.67, 47.32, 46.84, 15.52, 36.67, 47.32, 46.84, 15.52, 36.67, 47.32, 46.84, 15.52, 36.67, 47.32, 46.84, 15.52, 36.67] | Shifted: No
Round 79 | Mean Acc: 35.22% | Domain Accs: [47.32, 46.32, 17.24, 30.0, 47.32, 46.32, 17.24, 30.0, 47.32, 46.32, 17.24, 30.0, 47.32, 46.32, 17.24, 30.0, 47.32, 46.32, 17.24, 30.0, 47.32, 46.32, 17.24, 30.0, 47.32, 46.32, 17.24, 30.0, 47.32, 46.32, 17.24, 30.0, 47.32, 46.32, 17.24, 30.0, 47.32, 46.32, 17.24, 30.0, 47.32, 46.32, 17.24, 30.0, 47.32, 46.32, 17.24, 30.0, 47.32, 46.32, 17.24, 30.0, 47.32, 46.32, 17.24, 30.0, 47.32, 46.32, 17.24, 30.0, 47.32, 46.32, 17.24, 30.0] | Shifted: No
===== DOMAIN SHIFT AT ROUND 80 =====
New domain distribution:
  caltech: 4 clients
  amazon: 2 clients
  webcam: 2 clients
  dslr: 2 clients

Round 80 | Mean Acc: 35.97% | Domain Accs: [48.21, 48.42, 17.24, 30.0, 48.21, 48.42, 17.24, 30.0, 48.21, 48.42, 17.24, 30.0, 48.21, 48.42, 17.24, 30.0, 48.21, 48.42, 17.24, 30.0, 48.21, 48.42, 17.24, 30.0, 48.21, 48.42, 17.24, 30.0, 48.21, 48.42, 17.24, 30.0, 48.21, 48.42, 17.24, 30.0, 48.21, 48.42, 17.24, 30.0, 48.21, 48.42, 17.24, 30.0, 48.21, 48.42, 17.24, 30.0, 48.21, 48.42, 17.24, 30.0, 48.21, 48.42, 17.24, 30.0, 48.21, 48.42, 17.24, 30.0, 48.21, 48.42, 17.24, 30.0] | Shifted: Yes
Round 81 | Mean Acc: 36.60% | Domain Accs: [45.54, 46.84, 20.69, 33.33, 45.54, 46.84, 20.69, 33.33, 45.54, 46.84, 20.69, 33.33, 45.54, 46.84, 20.69, 33.33, 45.54, 46.84, 20.69, 33.33, 45.54, 46.84, 20.69, 33.33, 45.54, 46.84, 20.69, 33.33, 45.54, 46.84, 20.69, 33.33, 45.54, 46.84, 20.69, 33.33, 45.54, 46.84, 20.69, 33.33, 45.54, 46.84, 20.69, 33.33, 45.54, 46.84, 20.69, 33.33, 45.54, 46.84, 20.69, 33.33, 45.54, 46.84, 20.69, 33.33, 45.54, 46.84, 20.69, 33.33, 45.54, 46.84, 20.69, 33.33] | Shifted: No
Round 82 | Mean Acc: 36.97% | Domain Accs: [46.43, 45.79, 18.97, 36.67, 46.43, 45.79, 18.97, 36.67, 46.43, 45.79, 18.97, 36.67, 46.43, 45.79, 18.97, 36.67, 46.43, 45.79, 18.97, 36.67, 46.43, 45.79, 18.97, 36.67, 46.43, 45.79, 18.97, 36.67, 46.43, 45.79, 18.97, 36.67, 46.43, 45.79, 18.97, 36.67, 46.43, 45.79, 18.97, 36.67, 46.43, 45.79, 18.97, 36.67, 46.43, 45.79, 18.97, 36.67, 46.43, 45.79, 18.97, 36.67, 46.43, 45.79, 18.97, 36.67, 46.43, 45.79, 18.97, 36.67, 46.43, 45.79, 18.97, 36.67] | Shifted: No
Round 83 | Mean Acc: 34.97% | Domain Accs: [46.88, 47.37, 18.97, 26.67, 46.88, 47.37, 18.97, 26.67, 46.88, 47.37, 18.97, 26.67, 46.88, 47.37, 18.97, 26.67, 46.88, 47.37, 18.97, 26.67, 46.88, 47.37, 18.97, 26.67, 46.88, 47.37, 18.97, 26.67, 46.88, 47.37, 18.97, 26.67, 46.88, 47.37, 18.97, 26.67, 46.88, 47.37, 18.97, 26.67, 46.88, 47.37, 18.97, 26.67, 46.88, 47.37, 18.97, 26.67, 46.88, 47.37, 18.97, 26.67, 46.88, 47.37, 18.97, 26.67, 46.88, 47.37, 18.97, 26.67, 46.88, 47.37, 18.97, 26.67] | Shifted: No
Round 84 | Mean Acc: 36.05% | Domain Accs: [45.98, 44.21, 20.69, 33.33, 45.98, 44.21, 20.69, 33.33, 45.98, 44.21, 20.69, 33.33, 45.98, 44.21, 20.69, 33.33, 45.98, 44.21, 20.69, 33.33, 45.98, 44.21, 20.69, 33.33, 45.98, 44.21, 20.69, 33.33, 45.98, 44.21, 20.69, 33.33, 45.98, 44.21, 20.69, 33.33, 45.98, 44.21, 20.69, 33.33, 45.98, 44.21, 20.69, 33.33, 45.98, 44.21, 20.69, 33.33, 45.98, 44.21, 20.69, 33.33, 45.98, 44.21, 20.69, 33.33, 45.98, 44.21, 20.69, 33.33, 45.98, 44.21, 20.69, 33.33] | Shifted: No
===== DOMAIN SHIFT AT ROUND 85 =====
New domain distribution:
  caltech: 1 clients
  amazon: 3 clients
  webcam: 2 clients
  dslr: 4 clients

Round 85 | Mean Acc: 35.16% | Domain Accs: [48.66, 46.32, 18.97, 26.67, 48.66, 46.32, 18.97, 26.67, 48.66, 46.32, 18.97, 26.67, 48.66, 46.32, 18.97, 26.67, 48.66, 46.32, 18.97, 26.67, 48.66, 46.32, 18.97, 26.67, 48.66, 46.32, 18.97, 26.67, 48.66, 46.32, 18.97, 26.67, 48.66, 46.32, 18.97, 26.67, 48.66, 46.32, 18.97, 26.67, 48.66, 46.32, 18.97, 26.67, 48.66, 46.32, 18.97, 26.67, 48.66, 46.32, 18.97, 26.67, 48.66, 46.32, 18.97, 26.67, 48.66, 46.32, 18.97, 26.67, 48.66, 46.32, 18.97, 26.67] | Shifted: Yes
Round 86 | Mean Acc: 34.48% | Domain Accs: [45.98, 46.32, 18.97, 26.67, 45.98, 46.32, 18.97, 26.67, 45.98, 46.32, 18.97, 26.67, 45.98, 46.32, 18.97, 26.67, 45.98, 46.32, 18.97, 26.67, 45.98, 46.32, 18.97, 26.67, 45.98, 46.32, 18.97, 26.67, 45.98, 46.32, 18.97, 26.67, 45.98, 46.32, 18.97, 26.67, 45.98, 46.32, 18.97, 26.67, 45.98, 46.32, 18.97, 26.67, 45.98, 46.32, 18.97, 26.67, 45.98, 46.32, 18.97, 26.67, 45.98, 46.32, 18.97, 26.67, 45.98, 46.32, 18.97, 26.67, 45.98, 46.32, 18.97, 26.67] | Shifted: No
Round 87 | Mean Acc: 35.12% | Domain Accs: [47.32, 45.79, 20.69, 26.67, 47.32, 45.79, 20.69, 26.67, 47.32, 45.79, 20.69, 26.67, 47.32, 45.79, 20.69, 26.67, 47.32, 45.79, 20.69, 26.67, 47.32, 45.79, 20.69, 26.67, 47.32, 45.79, 20.69, 26.67, 47.32, 45.79, 20.69, 26.67, 47.32, 45.79, 20.69, 26.67, 47.32, 45.79, 20.69, 26.67, 47.32, 45.79, 20.69, 26.67, 47.32, 45.79, 20.69, 26.67, 47.32, 45.79, 20.69, 26.67, 47.32, 45.79, 20.69, 26.67, 47.32, 45.79, 20.69, 26.67, 47.32, 45.79, 20.69, 26.67] | Shifted: No
Round 88 | Mean Acc: 37.01% | Domain Accs: [46.88, 48.95, 15.52, 36.67, 46.88, 48.95, 15.52, 36.67, 46.88, 48.95, 15.52, 36.67, 46.88, 48.95, 15.52, 36.67, 46.88, 48.95, 15.52, 36.67, 46.88, 48.95, 15.52, 36.67, 46.88, 48.95, 15.52, 36.67, 46.88, 48.95, 15.52, 36.67, 46.88, 48.95, 15.52, 36.67, 46.88, 48.95, 15.52, 36.67, 46.88, 48.95, 15.52, 36.67, 46.88, 48.95, 15.52, 36.67, 46.88, 48.95, 15.52, 36.67, 46.88, 48.95, 15.52, 36.67, 46.88, 48.95, 15.52, 36.67, 46.88, 48.95, 15.52, 36.67] | Shifted: No
Round 89 | Mean Acc: 37.06% | Domain Accs: [49.11, 46.84, 18.97, 33.33, 49.11, 46.84, 18.97, 33.33, 49.11, 46.84, 18.97, 33.33, 49.11, 46.84, 18.97, 33.33, 49.11, 46.84, 18.97, 33.33, 49.11, 46.84, 18.97, 33.33, 49.11, 46.84, 18.97, 33.33, 49.11, 46.84, 18.97, 33.33, 49.11, 46.84, 18.97, 33.33, 49.11, 46.84, 18.97, 33.33, 49.11, 46.84, 18.97, 33.33, 49.11, 46.84, 18.97, 33.33, 49.11, 46.84, 18.97, 33.33, 49.11, 46.84, 18.97, 33.33, 49.11, 46.84, 18.97, 33.33, 49.11, 46.84, 18.97, 33.33] | Shifted: No
===== DOMAIN SHIFT AT ROUND 90 =====
New domain distribution:
  caltech: 2 clients
  amazon: 3 clients
  webcam: 2 clients
  dslr: 3 clients

Round 90 | Mean Acc: 33.65% | Domain Accs: [45.98, 46.32, 18.97, 23.33, 45.98, 46.32, 18.97, 23.33, 45.98, 46.32, 18.97, 23.33, 45.98, 46.32, 18.97, 23.33, 45.98, 46.32, 18.97, 23.33, 45.98, 46.32, 18.97, 23.33, 45.98, 46.32, 18.97, 23.33, 45.98, 46.32, 18.97, 23.33, 45.98, 46.32, 18.97, 23.33, 45.98, 46.32, 18.97, 23.33, 45.98, 46.32, 18.97, 23.33, 45.98, 46.32, 18.97, 23.33, 45.98, 46.32, 18.97, 23.33, 45.98, 46.32, 18.97, 23.33, 45.98, 46.32, 18.97, 23.33, 45.98, 46.32, 18.97, 23.33] | Shifted: Yes
Round 91 | Mean Acc: 36.65% | Domain Accs: [48.66, 47.37, 17.24, 33.33, 48.66, 47.37, 17.24, 33.33, 48.66, 47.37, 17.24, 33.33, 48.66, 47.37, 17.24, 33.33, 48.66, 47.37, 17.24, 33.33, 48.66, 47.37, 17.24, 33.33, 48.66, 47.37, 17.24, 33.33, 48.66, 47.37, 17.24, 33.33, 48.66, 47.37, 17.24, 33.33, 48.66, 47.37, 17.24, 33.33, 48.66, 47.37, 17.24, 33.33, 48.66, 47.37, 17.24, 33.33, 48.66, 47.37, 17.24, 33.33, 48.66, 47.37, 17.24, 33.33, 48.66, 47.37, 17.24, 33.33, 48.66, 47.37, 17.24, 33.33] | Shifted: No
Round 92 | Mean Acc: 35.28% | Domain Accs: [47.32, 46.32, 24.14, 23.33, 47.32, 46.32, 24.14, 23.33, 47.32, 46.32, 24.14, 23.33, 47.32, 46.32, 24.14, 23.33, 47.32, 46.32, 24.14, 23.33, 47.32, 46.32, 24.14, 23.33, 47.32, 46.32, 24.14, 23.33, 47.32, 46.32, 24.14, 23.33, 47.32, 46.32, 24.14, 23.33, 47.32, 46.32, 24.14, 23.33, 47.32, 46.32, 24.14, 23.33, 47.32, 46.32, 24.14, 23.33, 47.32, 46.32, 24.14, 23.33, 47.32, 46.32, 24.14, 23.33, 47.32, 46.32, 24.14, 23.33, 47.32, 46.32, 24.14, 23.33] | Shifted: No
Round 93 | Mean Acc: 36.95% | Domain Accs: [46.88, 45.26, 18.97, 36.67, 46.88, 45.26, 18.97, 36.67, 46.88, 45.26, 18.97, 36.67, 46.88, 45.26, 18.97, 36.67, 46.88, 45.26, 18.97, 36.67, 46.88, 45.26, 18.97, 36.67, 46.88, 45.26, 18.97, 36.67, 46.88, 45.26, 18.97, 36.67, 46.88, 45.26, 18.97, 36.67, 46.88, 45.26, 18.97, 36.67, 46.88, 45.26, 18.97, 36.67, 46.88, 45.26, 18.97, 36.67, 46.88, 45.26, 18.97, 36.67, 46.88, 45.26, 18.97, 36.67, 46.88, 45.26, 18.97, 36.67, 46.88, 45.26, 18.97, 36.67] | Shifted: No
Round 94 | Mean Acc: 34.61% | Domain Accs: [48.21, 46.32, 17.24, 26.67, 48.21, 46.32, 17.24, 26.67, 48.21, 46.32, 17.24, 26.67, 48.21, 46.32, 17.24, 26.67, 48.21, 46.32, 17.24, 26.67, 48.21, 46.32, 17.24, 26.67, 48.21, 46.32, 17.24, 26.67, 48.21, 46.32, 17.24, 26.67, 48.21, 46.32, 17.24, 26.67, 48.21, 46.32, 17.24, 26.67, 48.21, 46.32, 17.24, 26.67, 48.21, 46.32, 17.24, 26.67, 48.21, 46.32, 17.24, 26.67, 48.21, 46.32, 17.24, 26.67, 48.21, 46.32, 17.24, 26.67, 48.21, 46.32, 17.24, 26.67] | Shifted: No
===== DOMAIN SHIFT AT ROUND 95 =====
New domain distribution:
  caltech: 1 clients
  amazon: 2 clients
  webcam: 4 clients
  dslr: 3 clients

Round 95 | Mean Acc: 35.78% | Domain Accs: [47.32, 46.84, 18.97, 30.0, 47.32, 46.84, 18.97, 30.0, 47.32, 46.84, 18.97, 30.0, 47.32, 46.84, 18.97, 30.0, 47.32, 46.84, 18.97, 30.0, 47.32, 46.84, 18.97, 30.0, 47.32, 46.84, 18.97, 30.0, 47.32, 46.84, 18.97, 30.0, 47.32, 46.84, 18.97, 30.0, 47.32, 46.84, 18.97, 30.0, 47.32, 46.84, 18.97, 30.0, 47.32, 46.84, 18.97, 30.0, 47.32, 46.84, 18.97, 30.0, 47.32, 46.84, 18.97, 30.0, 47.32, 46.84, 18.97, 30.0, 47.32, 46.84, 18.97, 30.0] | Shifted: Yes
Round 96 | Mean Acc: 36.01% | Domain Accs: [48.21, 46.84, 18.97, 30.0, 48.21, 46.84, 18.97, 30.0, 48.21, 46.84, 18.97, 30.0, 48.21, 46.84, 18.97, 30.0, 48.21, 46.84, 18.97, 30.0, 48.21, 46.84, 18.97, 30.0, 48.21, 46.84, 18.97, 30.0, 48.21, 46.84, 18.97, 30.0, 48.21, 46.84, 18.97, 30.0, 48.21, 46.84, 18.97, 30.0, 48.21, 46.84, 18.97, 30.0, 48.21, 46.84, 18.97, 30.0, 48.21, 46.84, 18.97, 30.0, 48.21, 46.84, 18.97, 30.0, 48.21, 46.84, 18.97, 30.0, 48.21, 46.84, 18.97, 30.0] | Shifted: No
Round 97 | Mean Acc: 35.84% | Domain Accs: [46.88, 45.79, 20.69, 30.0, 46.88, 45.79, 20.69, 30.0, 46.88, 45.79, 20.69, 30.0, 46.88, 45.79, 20.69, 30.0, 46.88, 45.79, 20.69, 30.0, 46.88, 45.79, 20.69, 30.0, 46.88, 45.79, 20.69, 30.0, 46.88, 45.79, 20.69, 30.0, 46.88, 45.79, 20.69, 30.0, 46.88, 45.79, 20.69, 30.0, 46.88, 45.79, 20.69, 30.0, 46.88, 45.79, 20.69, 30.0, 46.88, 45.79, 20.69, 30.0, 46.88, 45.79, 20.69, 30.0, 46.88, 45.79, 20.69, 30.0, 46.88, 45.79, 20.69, 30.0] | Shifted: No
Round 98 | Mean Acc: 34.41% | Domain Accs: [48.66, 48.42, 17.24, 23.33, 48.66, 48.42, 17.24, 23.33, 48.66, 48.42, 17.24, 23.33, 48.66, 48.42, 17.24, 23.33, 48.66, 48.42, 17.24, 23.33, 48.66, 48.42, 17.24, 23.33, 48.66, 48.42, 17.24, 23.33, 48.66, 48.42, 17.24, 23.33, 48.66, 48.42, 17.24, 23.33, 48.66, 48.42, 17.24, 23.33, 48.66, 48.42, 17.24, 23.33, 48.66, 48.42, 17.24, 23.33, 48.66, 48.42, 17.24, 23.33, 48.66, 48.42, 17.24, 23.33, 48.66, 48.42, 17.24, 23.33, 48.66, 48.42, 17.24, 23.33] | Shifted: No
Round 99 | Mean Acc: 38.12% | Domain Accs: [47.77, 48.95, 22.41, 33.33, 47.77, 48.95, 22.41, 33.33, 47.77, 48.95, 22.41, 33.33, 47.77, 48.95, 22.41, 33.33, 47.77, 48.95, 22.41, 33.33, 47.77, 48.95, 22.41, 33.33, 47.77, 48.95, 22.41, 33.33, 47.77, 48.95, 22.41, 33.33, 47.77, 48.95, 22.41, 33.33, 47.77, 48.95, 22.41, 33.33, 47.77, 48.95, 22.41, 33.33, 47.77, 48.95, 22.41, 33.33, 47.77, 48.95, 22.41, 33.33, 47.77, 48.95, 22.41, 33.33, 47.77, 48.95, 22.41, 33.33, 47.77, 48.95, 22.41, 33.33] | Shifted: No

===== EXPERIMENT SUMMARY =====
Best Mean Accuracy: 38.12%
Best Domain Accuracies: [51.34, 48.95, 24.14, 36.67, 51.34, 48.95, 24.14, 36.67, 51.34, 48.95, 24.14, 36.67, 51.34, 48.95, 24.14, 36.67, 51.34, 48.95, 24.14, 36.67, 51.34, 48.95, 24.14, 36.67, 51.34, 48.95, 24.14, 36.67, 51.34, 48.95, 24.14, 36.67, 51.34, 48.95, 24.14, 36.67, 51.34, 48.95, 24.14, 36.67, 51.34, 48.95, 24.14, 36.67, 51.34, 48.95, 24.14, 36.67, 51.34, 48.95, 24.14, 36.67, 51.34, 48.95, 24.14, 36.67, 51.34, 48.95, 24.14, 36.67, 51.34, 48.95, 24.14, 36.67]
Accuracy variance after shift at round 5: 7.3133
Accuracy variance after shift at round 10: 2.5268
Accuracy variance after shift at round 15: 1.1984
Accuracy variance after shift at round 20: 1.9078
Accuracy variance after shift at round 25: 0.6525
Accuracy variance after shift at round 30: 0.1508
Accuracy variance after shift at round 35: 0.6395
Accuracy variance after shift at round 40: 0.7013
Accuracy variance after shift at round 45: 0.4805
Accuracy variance after shift at round 50: 0.6674
Accuracy variance after shift at round 55: 2.6473
Accuracy variance after shift at round 60: 1.1737
Accuracy variance after shift at round 65: 1.0455
Accuracy variance after shift at round 70: 0.8809
Accuracy variance after shift at round 75: 0.4178
Accuracy variance after shift at round 80: 0.1696
Accuracy variance after shift at round 85: 0.0946
Accuracy variance after shift at round 90: 1.5036
Accuracy variance after shift at round 95: 0.0089
Average variance after shifts: 1.2726

Domain distribution at the end of experiment:
  caltech: 1 clients
  amazon: 2 clients
  webcam: 4 clients
  dslr: 3 clients
