===== EXPERIMENT CONFIGURATION =====
Model: dapperfl
Dataset: fl_officecaltech
Backbone: resnet18
Participants: 10
Communication Epochs: 100
Local Epochs: 5
Shift Frequency: 5
Shift Ratio: 0.3
Pruning Strategy: AD
Alpha: 0.9
Alpha Min: 0.1
Epsilon: 0.2
Reg Coefficient: 0.01

===== DOMAIN SHIFT EXPERIMENT RESULTS =====
Format: Round [X] | Mean Acc: [Y]% | Domain Accs: [Z] | Shifted: [Yes/No]

Round 0 | Mean Acc: 10.05% | Domain Accs: [9.82, 8.42, 8.62, 13.33, 9.82, 8.42, 8.62, 13.33, 9.82, 8.42, 8.62, 13.33, 9.82, 8.42, 8.62, 13.33, 9.82, 8.42, 8.62, 13.33, 9.82, 8.42, 8.62, 13.33, 9.82, 8.42, 8.62, 13.33, 9.82, 8.42, 8.62, 13.33, 9.82, 8.42, 8.62, 13.33, 9.82, 8.42, 8.62, 13.33, 9.82, 8.42, 8.62, 13.33, 9.82, 8.42, 8.62, 13.33, 9.82, 8.42, 8.62, 13.33, 9.82, 8.42, 8.62, 13.33, 9.82, 8.42, 8.62, 13.33, 9.82, 8.42, 8.62, 13.33] | Shifted: No
  ★ New best accuracy: 10.05%
Round 1 | Mean Acc: 10.05% | Domain Accs: [9.82, 8.42, 8.62, 13.33, 9.82, 8.42, 8.62, 13.33, 9.82, 8.42, 8.62, 13.33, 9.82, 8.42, 8.62, 13.33, 9.82, 8.42, 8.62, 13.33, 9.82, 8.42, 8.62, 13.33, 9.82, 8.42, 8.62, 13.33, 9.82, 8.42, 8.62, 13.33, 9.82, 8.42, 8.62, 13.33, 9.82, 8.42, 8.62, 13.33, 9.82, 8.42, 8.62, 13.33, 9.82, 8.42, 8.62, 13.33, 9.82, 8.42, 8.62, 13.33, 9.82, 8.42, 8.62, 13.33, 9.82, 8.42, 8.62, 13.33, 9.82, 8.42, 8.62, 13.33] | Shifted: No
  ★ New best accuracy: 10.05%
Round 2 | Mean Acc: 10.05% | Domain Accs: [9.82, 8.42, 8.62, 13.33, 9.82, 8.42, 8.62, 13.33, 9.82, 8.42, 8.62, 13.33, 9.82, 8.42, 8.62, 13.33, 9.82, 8.42, 8.62, 13.33, 9.82, 8.42, 8.62, 13.33, 9.82, 8.42, 8.62, 13.33, 9.82, 8.42, 8.62, 13.33, 9.82, 8.42, 8.62, 13.33, 9.82, 8.42, 8.62, 13.33, 9.82, 8.42, 8.62, 13.33, 9.82, 8.42, 8.62, 13.33, 9.82, 8.42, 8.62, 13.33, 9.82, 8.42, 8.62, 13.33, 9.82, 8.42, 8.62, 13.33, 9.82, 8.42, 8.62, 13.33] | Shifted: No
  ★ New best accuracy: 10.05%
Round 3 | Mean Acc: 10.84% | Domain Accs: [9.82, 11.58, 8.62, 13.33, 9.82, 11.58, 8.62, 13.33, 9.82, 11.58, 8.62, 13.33, 9.82, 11.58, 8.62, 13.33, 9.82, 11.58, 8.62, 13.33, 9.82, 11.58, 8.62, 13.33, 9.82, 11.58, 8.62, 13.33, 9.82, 11.58, 8.62, 13.33, 9.82, 11.58, 8.62, 13.33, 9.82, 11.58, 8.62, 13.33, 9.82, 11.58, 8.62, 13.33, 9.82, 11.58, 8.62, 13.33, 9.82, 11.58, 8.62, 13.33, 9.82, 11.58, 8.62, 13.33, 9.82, 11.58, 8.62, 13.33, 9.82, 11.58, 8.62, 13.33] | Shifted: No
  ★ New best accuracy: 10.84%
Round 4 | Mean Acc: 23.98% | Domain Accs: [30.8, 27.89, 17.24, 20.0, 30.8, 27.89, 17.24, 20.0, 30.8, 27.89, 17.24, 20.0, 30.8, 27.89, 17.24, 20.0, 30.8, 27.89, 17.24, 20.0, 30.8, 27.89, 17.24, 20.0, 30.8, 27.89, 17.24, 20.0, 30.8, 27.89, 17.24, 20.0, 30.8, 27.89, 17.24, 20.0, 30.8, 27.89, 17.24, 20.0, 30.8, 27.89, 17.24, 20.0, 30.8, 27.89, 17.24, 20.0, 30.8, 27.89, 17.24, 20.0, 30.8, 27.89, 17.24, 20.0, 30.8, 27.89, 17.24, 20.0, 30.8, 27.89, 17.24, 20.0] | Shifted: No
  ★ New best accuracy: 23.98%
===== DOMAIN SHIFT AT ROUND 5 =====
New domain distribution:
  caltech: 1 clients
  amazon: 4 clients
  webcam: 3 clients
  dslr: 2 clients

Round 5 | Mean Acc: 24.45% | Domain Accs: [34.38, 27.89, 15.52, 20.0, 34.38, 27.89, 15.52, 20.0, 34.38, 27.89, 15.52, 20.0, 34.38, 27.89, 15.52, 20.0, 34.38, 27.89, 15.52, 20.0, 34.38, 27.89, 15.52, 20.0, 34.38, 27.89, 15.52, 20.0, 34.38, 27.89, 15.52, 20.0, 34.38, 27.89, 15.52, 20.0, 34.38, 27.89, 15.52, 20.0, 34.38, 27.89, 15.52, 20.0, 34.38, 27.89, 15.52, 20.0, 34.38, 27.89, 15.52, 20.0, 34.38, 27.89, 15.52, 20.0, 34.38, 27.89, 15.52, 20.0, 34.38, 27.89, 15.52, 20.0] | Shifted: Yes
  ★ New best accuracy: 24.45%
Round 6 | Mean Acc: 23.22% | Domain Accs: [34.82, 31.05, 10.34, 16.67, 34.82, 31.05, 10.34, 16.67, 34.82, 31.05, 10.34, 16.67, 34.82, 31.05, 10.34, 16.67, 34.82, 31.05, 10.34, 16.67, 34.82, 31.05, 10.34, 16.67, 34.82, 31.05, 10.34, 16.67, 34.82, 31.05, 10.34, 16.67, 34.82, 31.05, 10.34, 16.67, 34.82, 31.05, 10.34, 16.67, 34.82, 31.05, 10.34, 16.67, 34.82, 31.05, 10.34, 16.67, 34.82, 31.05, 10.34, 16.67, 34.82, 31.05, 10.34, 16.67, 34.82, 31.05, 10.34, 16.67, 34.82, 31.05, 10.34, 16.67] | Shifted: No
Round 7 | Mean Acc: 27.61% | Domain Accs: [34.82, 30.0, 18.97, 26.67, 34.82, 30.0, 18.97, 26.67, 34.82, 30.0, 18.97, 26.67, 34.82, 30.0, 18.97, 26.67, 34.82, 30.0, 18.97, 26.67, 34.82, 30.0, 18.97, 26.67, 34.82, 30.0, 18.97, 26.67, 34.82, 30.0, 18.97, 26.67, 34.82, 30.0, 18.97, 26.67, 34.82, 30.0, 18.97, 26.67, 34.82, 30.0, 18.97, 26.67, 34.82, 30.0, 18.97, 26.67, 34.82, 30.0, 18.97, 26.67, 34.82, 30.0, 18.97, 26.67, 34.82, 30.0, 18.97, 26.67, 34.82, 30.0, 18.97, 26.67] | Shifted: No
  ★ New best accuracy: 27.61%
Round 8 | Mean Acc: 21.79% | Domain Accs: [29.02, 27.89, 6.9, 23.33, 29.02, 27.89, 6.9, 23.33, 29.02, 27.89, 6.9, 23.33, 29.02, 27.89, 6.9, 23.33, 29.02, 27.89, 6.9, 23.33, 29.02, 27.89, 6.9, 23.33, 29.02, 27.89, 6.9, 23.33, 29.02, 27.89, 6.9, 23.33, 29.02, 27.89, 6.9, 23.33, 29.02, 27.89, 6.9, 23.33, 29.02, 27.89, 6.9, 23.33, 29.02, 27.89, 6.9, 23.33, 29.02, 27.89, 6.9, 23.33, 29.02, 27.89, 6.9, 23.33, 29.02, 27.89, 6.9, 23.33, 29.02, 27.89, 6.9, 23.33] | Shifted: No
Round 9 | Mean Acc: 28.09% | Domain Accs: [33.93, 31.05, 20.69, 26.67, 33.93, 31.05, 20.69, 26.67, 33.93, 31.05, 20.69, 26.67, 33.93, 31.05, 20.69, 26.67, 33.93, 31.05, 20.69, 26.67, 33.93, 31.05, 20.69, 26.67, 33.93, 31.05, 20.69, 26.67, 33.93, 31.05, 20.69, 26.67, 33.93, 31.05, 20.69, 26.67, 33.93, 31.05, 20.69, 26.67, 33.93, 31.05, 20.69, 26.67, 33.93, 31.05, 20.69, 26.67, 33.93, 31.05, 20.69, 26.67, 33.93, 31.05, 20.69, 26.67, 33.93, 31.05, 20.69, 26.67, 33.93, 31.05, 20.69, 26.67] | Shifted: No
  ★ New best accuracy: 28.09%
===== DOMAIN SHIFT AT ROUND 10 =====
New domain distribution:
  caltech: 3 clients
  amazon: 3 clients
  webcam: 3 clients
  dslr: 1 clients

Round 10 | Mean Acc: 19.21% | Domain Accs: [24.11, 18.95, 13.79, 20.0, 24.11, 18.95, 13.79, 20.0, 24.11, 18.95, 13.79, 20.0, 24.11, 18.95, 13.79, 20.0, 24.11, 18.95, 13.79, 20.0, 24.11, 18.95, 13.79, 20.0, 24.11, 18.95, 13.79, 20.0, 24.11, 18.95, 13.79, 20.0, 24.11, 18.95, 13.79, 20.0, 24.11, 18.95, 13.79, 20.0, 24.11, 18.95, 13.79, 20.0, 24.11, 18.95, 13.79, 20.0, 24.11, 18.95, 13.79, 20.0, 24.11, 18.95, 13.79, 20.0, 24.11, 18.95, 13.79, 20.0, 24.11, 18.95, 13.79, 20.0] | Shifted: Yes
Round 11 | Mean Acc: 28.51% | Domain Accs: [35.71, 29.47, 15.52, 33.33, 35.71, 29.47, 15.52, 33.33, 35.71, 29.47, 15.52, 33.33, 35.71, 29.47, 15.52, 33.33, 35.71, 29.47, 15.52, 33.33, 35.71, 29.47, 15.52, 33.33, 35.71, 29.47, 15.52, 33.33, 35.71, 29.47, 15.52, 33.33, 35.71, 29.47, 15.52, 33.33, 35.71, 29.47, 15.52, 33.33, 35.71, 29.47, 15.52, 33.33, 35.71, 29.47, 15.52, 33.33, 35.71, 29.47, 15.52, 33.33, 35.71, 29.47, 15.52, 33.33, 35.71, 29.47, 15.52, 33.33, 35.71, 29.47, 15.52, 33.33] | Shifted: No
  ★ New best accuracy: 28.51%
Round 12 | Mean Acc: 27.37% | Domain Accs: [31.7, 30.53, 17.24, 30.0, 31.7, 30.53, 17.24, 30.0, 31.7, 30.53, 17.24, 30.0, 31.7, 30.53, 17.24, 30.0, 31.7, 30.53, 17.24, 30.0, 31.7, 30.53, 17.24, 30.0, 31.7, 30.53, 17.24, 30.0, 31.7, 30.53, 17.24, 30.0, 31.7, 30.53, 17.24, 30.0, 31.7, 30.53, 17.24, 30.0, 31.7, 30.53, 17.24, 30.0, 31.7, 30.53, 17.24, 30.0, 31.7, 30.53, 17.24, 30.0, 31.7, 30.53, 17.24, 30.0, 31.7, 30.53, 17.24, 30.0, 31.7, 30.53, 17.24, 30.0] | Shifted: No
Round 13 | Mean Acc: 30.31% | Domain Accs: [37.95, 34.21, 22.41, 26.67, 37.95, 34.21, 22.41, 26.67, 37.95, 34.21, 22.41, 26.67, 37.95, 34.21, 22.41, 26.67, 37.95, 34.21, 22.41, 26.67, 37.95, 34.21, 22.41, 26.67, 37.95, 34.21, 22.41, 26.67, 37.95, 34.21, 22.41, 26.67, 37.95, 34.21, 22.41, 26.67, 37.95, 34.21, 22.41, 26.67, 37.95, 34.21, 22.41, 26.67, 37.95, 34.21, 22.41, 26.67, 37.95, 34.21, 22.41, 26.67, 37.95, 34.21, 22.41, 26.67, 37.95, 34.21, 22.41, 26.67, 37.95, 34.21, 22.41, 26.67] | Shifted: No
  ★ New best accuracy: 30.31%
Round 14 | Mean Acc: 28.37% | Domain Accs: [34.82, 34.74, 17.24, 26.67, 34.82, 34.74, 17.24, 26.67, 34.82, 34.74, 17.24, 26.67, 34.82, 34.74, 17.24, 26.67, 34.82, 34.74, 17.24, 26.67, 34.82, 34.74, 17.24, 26.67, 34.82, 34.74, 17.24, 26.67, 34.82, 34.74, 17.24, 26.67, 34.82, 34.74, 17.24, 26.67, 34.82, 34.74, 17.24, 26.67, 34.82, 34.74, 17.24, 26.67, 34.82, 34.74, 17.24, 26.67, 34.82, 34.74, 17.24, 26.67, 34.82, 34.74, 17.24, 26.67, 34.82, 34.74, 17.24, 26.67, 34.82, 34.74, 17.24, 26.67] | Shifted: No
===== DOMAIN SHIFT AT ROUND 15 =====
New domain distribution:
  caltech: 2 clients
  amazon: 5 clients
  webcam: 1 clients
  dslr: 2 clients

Round 15 | Mean Acc: 29.90% | Domain Accs: [38.39, 34.21, 10.34, 36.67, 38.39, 34.21, 10.34, 36.67, 38.39, 34.21, 10.34, 36.67, 38.39, 34.21, 10.34, 36.67, 38.39, 34.21, 10.34, 36.67, 38.39, 34.21, 10.34, 36.67, 38.39, 34.21, 10.34, 36.67, 38.39, 34.21, 10.34, 36.67, 38.39, 34.21, 10.34, 36.67, 38.39, 34.21, 10.34, 36.67, 38.39, 34.21, 10.34, 36.67, 38.39, 34.21, 10.34, 36.67, 38.39, 34.21, 10.34, 36.67, 38.39, 34.21, 10.34, 36.67, 38.39, 34.21, 10.34, 36.67, 38.39, 34.21, 10.34, 36.67] | Shifted: Yes
Round 16 | Mean Acc: 31.25% | Domain Accs: [38.84, 30.53, 18.97, 36.67, 38.84, 30.53, 18.97, 36.67, 38.84, 30.53, 18.97, 36.67, 38.84, 30.53, 18.97, 36.67, 38.84, 30.53, 18.97, 36.67, 38.84, 30.53, 18.97, 36.67, 38.84, 30.53, 18.97, 36.67, 38.84, 30.53, 18.97, 36.67, 38.84, 30.53, 18.97, 36.67, 38.84, 30.53, 18.97, 36.67, 38.84, 30.53, 18.97, 36.67, 38.84, 30.53, 18.97, 36.67, 38.84, 30.53, 18.97, 36.67, 38.84, 30.53, 18.97, 36.67, 38.84, 30.53, 18.97, 36.67, 38.84, 30.53, 18.97, 36.67] | Shifted: No
  ★ New best accuracy: 31.25%
Round 17 | Mean Acc: 33.89% | Domain Accs: [46.43, 36.84, 18.97, 33.33, 46.43, 36.84, 18.97, 33.33, 46.43, 36.84, 18.97, 33.33, 46.43, 36.84, 18.97, 33.33, 46.43, 36.84, 18.97, 33.33, 46.43, 36.84, 18.97, 33.33, 46.43, 36.84, 18.97, 33.33, 46.43, 36.84, 18.97, 33.33, 46.43, 36.84, 18.97, 33.33, 46.43, 36.84, 18.97, 33.33, 46.43, 36.84, 18.97, 33.33, 46.43, 36.84, 18.97, 33.33, 46.43, 36.84, 18.97, 33.33, 46.43, 36.84, 18.97, 33.33, 46.43, 36.84, 18.97, 33.33, 46.43, 36.84, 18.97, 33.33] | Shifted: No
  ★ New best accuracy: 33.89%
Round 18 | Mean Acc: 32.89% | Domain Accs: [37.05, 32.11, 22.41, 40.0, 37.05, 32.11, 22.41, 40.0, 37.05, 32.11, 22.41, 40.0, 37.05, 32.11, 22.41, 40.0, 37.05, 32.11, 22.41, 40.0, 37.05, 32.11, 22.41, 40.0, 37.05, 32.11, 22.41, 40.0, 37.05, 32.11, 22.41, 40.0, 37.05, 32.11, 22.41, 40.0, 37.05, 32.11, 22.41, 40.0, 37.05, 32.11, 22.41, 40.0, 37.05, 32.11, 22.41, 40.0, 37.05, 32.11, 22.41, 40.0, 37.05, 32.11, 22.41, 40.0, 37.05, 32.11, 22.41, 40.0, 37.05, 32.11, 22.41, 40.0] | Shifted: No
Round 19 | Mean Acc: 26.04% | Domain Accs: [35.27, 28.42, 13.79, 26.67, 35.27, 28.42, 13.79, 26.67, 35.27, 28.42, 13.79, 26.67, 35.27, 28.42, 13.79, 26.67, 35.27, 28.42, 13.79, 26.67, 35.27, 28.42, 13.79, 26.67, 35.27, 28.42, 13.79, 26.67, 35.27, 28.42, 13.79, 26.67, 35.27, 28.42, 13.79, 26.67, 35.27, 28.42, 13.79, 26.67, 35.27, 28.42, 13.79, 26.67, 35.27, 28.42, 13.79, 26.67, 35.27, 28.42, 13.79, 26.67, 35.27, 28.42, 13.79, 26.67, 35.27, 28.42, 13.79, 26.67, 35.27, 28.42, 13.79, 26.67] | Shifted: No
===== DOMAIN SHIFT AT ROUND 20 =====
New domain distribution:
  caltech: 3 clients
  amazon: 2 clients
  webcam: 3 clients
  dslr: 2 clients

Round 20 | Mean Acc: 39.51% | Domain Accs: [46.88, 43.68, 24.14, 43.33, 46.88, 43.68, 24.14, 43.33, 46.88, 43.68, 24.14, 43.33, 46.88, 43.68, 24.14, 43.33, 46.88, 43.68, 24.14, 43.33, 46.88, 43.68, 24.14, 43.33, 46.88, 43.68, 24.14, 43.33, 46.88, 43.68, 24.14, 43.33, 46.88, 43.68, 24.14, 43.33, 46.88, 43.68, 24.14, 43.33, 46.88, 43.68, 24.14, 43.33, 46.88, 43.68, 24.14, 43.33, 46.88, 43.68, 24.14, 43.33, 46.88, 43.68, 24.14, 43.33, 46.88, 43.68, 24.14, 43.33, 46.88, 43.68, 24.14, 43.33] | Shifted: Yes
  ★ New best accuracy: 39.51%
Round 21 | Mean Acc: 34.12% | Domain Accs: [44.2, 41.58, 20.69, 30.0, 44.2, 41.58, 20.69, 30.0, 44.2, 41.58, 20.69, 30.0, 44.2, 41.58, 20.69, 30.0, 44.2, 41.58, 20.69, 30.0, 44.2, 41.58, 20.69, 30.0, 44.2, 41.58, 20.69, 30.0, 44.2, 41.58, 20.69, 30.0, 44.2, 41.58, 20.69, 30.0, 44.2, 41.58, 20.69, 30.0, 44.2, 41.58, 20.69, 30.0, 44.2, 41.58, 20.69, 30.0, 44.2, 41.58, 20.69, 30.0, 44.2, 41.58, 20.69, 30.0, 44.2, 41.58, 20.69, 30.0, 44.2, 41.58, 20.69, 30.0] | Shifted: No
Round 22 | Mean Acc: 33.01% | Domain Accs: [34.38, 35.26, 22.41, 40.0, 34.38, 35.26, 22.41, 40.0, 34.38, 35.26, 22.41, 40.0, 34.38, 35.26, 22.41, 40.0, 34.38, 35.26, 22.41, 40.0, 34.38, 35.26, 22.41, 40.0, 34.38, 35.26, 22.41, 40.0, 34.38, 35.26, 22.41, 40.0, 34.38, 35.26, 22.41, 40.0, 34.38, 35.26, 22.41, 40.0, 34.38, 35.26, 22.41, 40.0, 34.38, 35.26, 22.41, 40.0, 34.38, 35.26, 22.41, 40.0, 34.38, 35.26, 22.41, 40.0, 34.38, 35.26, 22.41, 40.0, 34.38, 35.26, 22.41, 40.0] | Shifted: No
Round 23 | Mean Acc: 17.36% | Domain Accs: [25.0, 24.21, 6.9, 13.33, 25.0, 24.21, 6.9, 13.33, 25.0, 24.21, 6.9, 13.33, 25.0, 24.21, 6.9, 13.33, 25.0, 24.21, 6.9, 13.33, 25.0, 24.21, 6.9, 13.33, 25.0, 24.21, 6.9, 13.33, 25.0, 24.21, 6.9, 13.33, 25.0, 24.21, 6.9, 13.33, 25.0, 24.21, 6.9, 13.33, 25.0, 24.21, 6.9, 13.33, 25.0, 24.21, 6.9, 13.33, 25.0, 24.21, 6.9, 13.33, 25.0, 24.21, 6.9, 13.33, 25.0, 24.21, 6.9, 13.33, 25.0, 24.21, 6.9, 13.33] | Shifted: No
Round 24 | Mean Acc: 29.87% | Domain Accs: [40.18, 38.95, 10.34, 30.0, 40.18, 38.95, 10.34, 30.0, 40.18, 38.95, 10.34, 30.0, 40.18, 38.95, 10.34, 30.0, 40.18, 38.95, 10.34, 30.0, 40.18, 38.95, 10.34, 30.0, 40.18, 38.95, 10.34, 30.0, 40.18, 38.95, 10.34, 30.0, 40.18, 38.95, 10.34, 30.0, 40.18, 38.95, 10.34, 30.0, 40.18, 38.95, 10.34, 30.0, 40.18, 38.95, 10.34, 30.0, 40.18, 38.95, 10.34, 30.0, 40.18, 38.95, 10.34, 30.0, 40.18, 38.95, 10.34, 30.0, 40.18, 38.95, 10.34, 30.0] | Shifted: No
===== DOMAIN SHIFT AT ROUND 25 =====
New domain distribution:
  caltech: 4 clients
  amazon: 3 clients
  webcam: 2 clients
  dslr: 1 clients

Round 25 | Mean Acc: 37.81% | Domain Accs: [43.3, 37.37, 17.24, 53.33, 43.3, 37.37, 17.24, 53.33, 43.3, 37.37, 17.24, 53.33, 43.3, 37.37, 17.24, 53.33, 43.3, 37.37, 17.24, 53.33, 43.3, 37.37, 17.24, 53.33, 43.3, 37.37, 17.24, 53.33, 43.3, 37.37, 17.24, 53.33, 43.3, 37.37, 17.24, 53.33, 43.3, 37.37, 17.24, 53.33, 43.3, 37.37, 17.24, 53.33, 43.3, 37.37, 17.24, 53.33, 43.3, 37.37, 17.24, 53.33, 43.3, 37.37, 17.24, 53.33, 43.3, 37.37, 17.24, 53.33, 43.3, 37.37, 17.24, 53.33] | Shifted: Yes
Round 26 | Mean Acc: 43.06% | Domain Accs: [48.21, 44.74, 29.31, 50.0, 48.21, 44.74, 29.31, 50.0, 48.21, 44.74, 29.31, 50.0, 48.21, 44.74, 29.31, 50.0, 48.21, 44.74, 29.31, 50.0, 48.21, 44.74, 29.31, 50.0, 48.21, 44.74, 29.31, 50.0, 48.21, 44.74, 29.31, 50.0, 48.21, 44.74, 29.31, 50.0, 48.21, 44.74, 29.31, 50.0, 48.21, 44.74, 29.31, 50.0, 48.21, 44.74, 29.31, 50.0, 48.21, 44.74, 29.31, 50.0, 48.21, 44.74, 29.31, 50.0, 48.21, 44.74, 29.31, 50.0, 48.21, 44.74, 29.31, 50.0] | Shifted: No
  ★ New best accuracy: 43.06%
Round 27 | Mean Acc: 36.67% | Domain Accs: [46.43, 44.74, 15.52, 40.0, 46.43, 44.74, 15.52, 40.0, 46.43, 44.74, 15.52, 40.0, 46.43, 44.74, 15.52, 40.0, 46.43, 44.74, 15.52, 40.0, 46.43, 44.74, 15.52, 40.0, 46.43, 44.74, 15.52, 40.0, 46.43, 44.74, 15.52, 40.0, 46.43, 44.74, 15.52, 40.0, 46.43, 44.74, 15.52, 40.0, 46.43, 44.74, 15.52, 40.0, 46.43, 44.74, 15.52, 40.0, 46.43, 44.74, 15.52, 40.0, 46.43, 44.74, 15.52, 40.0, 46.43, 44.74, 15.52, 40.0, 46.43, 44.74, 15.52, 40.0] | Shifted: No
Round 28 | Mean Acc: 18.35% | Domain Accs: [27.23, 24.21, 8.62, 13.33, 27.23, 24.21, 8.62, 13.33, 27.23, 24.21, 8.62, 13.33, 27.23, 24.21, 8.62, 13.33, 27.23, 24.21, 8.62, 13.33, 27.23, 24.21, 8.62, 13.33, 27.23, 24.21, 8.62, 13.33, 27.23, 24.21, 8.62, 13.33, 27.23, 24.21, 8.62, 13.33, 27.23, 24.21, 8.62, 13.33, 27.23, 24.21, 8.62, 13.33, 27.23, 24.21, 8.62, 13.33, 27.23, 24.21, 8.62, 13.33, 27.23, 24.21, 8.62, 13.33, 27.23, 24.21, 8.62, 13.33, 27.23, 24.21, 8.62, 13.33] | Shifted: No
Round 29 | Mean Acc: 20.82% | Domain Accs: [24.11, 30.53, 8.62, 20.0, 24.11, 30.53, 8.62, 20.0, 24.11, 30.53, 8.62, 20.0, 24.11, 30.53, 8.62, 20.0, 24.11, 30.53, 8.62, 20.0, 24.11, 30.53, 8.62, 20.0, 24.11, 30.53, 8.62, 20.0, 24.11, 30.53, 8.62, 20.0, 24.11, 30.53, 8.62, 20.0, 24.11, 30.53, 8.62, 20.0, 24.11, 30.53, 8.62, 20.0, 24.11, 30.53, 8.62, 20.0, 24.11, 30.53, 8.62, 20.0, 24.11, 30.53, 8.62, 20.0, 24.11, 30.53, 8.62, 20.0, 24.11, 30.53, 8.62, 20.0] | Shifted: No
===== DOMAIN SHIFT AT ROUND 30 =====
New domain distribution:
  caltech: 3 clients
  amazon: 2 clients
  webcam: 2 clients
  dslr: 3 clients

Round 30 | Mean Acc: 44.41% | Domain Accs: [46.43, 46.84, 31.03, 53.33, 46.43, 46.84, 31.03, 53.33, 46.43, 46.84, 31.03, 53.33, 46.43, 46.84, 31.03, 53.33, 46.43, 46.84, 31.03, 53.33, 46.43, 46.84, 31.03, 53.33, 46.43, 46.84, 31.03, 53.33, 46.43, 46.84, 31.03, 53.33, 46.43, 46.84, 31.03, 53.33, 46.43, 46.84, 31.03, 53.33, 46.43, 46.84, 31.03, 53.33, 46.43, 46.84, 31.03, 53.33, 46.43, 46.84, 31.03, 53.33, 46.43, 46.84, 31.03, 53.33, 46.43, 46.84, 31.03, 53.33, 46.43, 46.84, 31.03, 53.33] | Shifted: Yes
  ★ New best accuracy: 44.41%
Round 31 | Mean Acc: 39.46% | Domain Accs: [44.2, 47.89, 22.41, 43.33, 44.2, 47.89, 22.41, 43.33, 44.2, 47.89, 22.41, 43.33, 44.2, 47.89, 22.41, 43.33, 44.2, 47.89, 22.41, 43.33, 44.2, 47.89, 22.41, 43.33, 44.2, 47.89, 22.41, 43.33, 44.2, 47.89, 22.41, 43.33, 44.2, 47.89, 22.41, 43.33, 44.2, 47.89, 22.41, 43.33, 44.2, 47.89, 22.41, 43.33, 44.2, 47.89, 22.41, 43.33, 44.2, 47.89, 22.41, 43.33, 44.2, 47.89, 22.41, 43.33, 44.2, 47.89, 22.41, 43.33, 44.2, 47.89, 22.41, 43.33] | Shifted: No
Round 32 | Mean Acc: 42.42% | Domain Accs: [43.3, 50.53, 25.86, 50.0, 43.3, 50.53, 25.86, 50.0, 43.3, 50.53, 25.86, 50.0, 43.3, 50.53, 25.86, 50.0, 43.3, 50.53, 25.86, 50.0, 43.3, 50.53, 25.86, 50.0, 43.3, 50.53, 25.86, 50.0, 43.3, 50.53, 25.86, 50.0, 43.3, 50.53, 25.86, 50.0, 43.3, 50.53, 25.86, 50.0, 43.3, 50.53, 25.86, 50.0, 43.3, 50.53, 25.86, 50.0, 43.3, 50.53, 25.86, 50.0, 43.3, 50.53, 25.86, 50.0, 43.3, 50.53, 25.86, 50.0, 43.3, 50.53, 25.86, 50.0] | Shifted: No
Round 33 | Mean Acc: 39.23% | Domain Accs: [45.54, 38.95, 22.41, 50.0, 45.54, 38.95, 22.41, 50.0, 45.54, 38.95, 22.41, 50.0, 45.54, 38.95, 22.41, 50.0, 45.54, 38.95, 22.41, 50.0, 45.54, 38.95, 22.41, 50.0, 45.54, 38.95, 22.41, 50.0, 45.54, 38.95, 22.41, 50.0, 45.54, 38.95, 22.41, 50.0, 45.54, 38.95, 22.41, 50.0, 45.54, 38.95, 22.41, 50.0, 45.54, 38.95, 22.41, 50.0, 45.54, 38.95, 22.41, 50.0, 45.54, 38.95, 22.41, 50.0, 45.54, 38.95, 22.41, 50.0, 45.54, 38.95, 22.41, 50.0] | Shifted: No
Round 34 | Mean Acc: 21.68% | Domain Accs: [24.55, 30.0, 15.52, 16.67, 24.55, 30.0, 15.52, 16.67, 24.55, 30.0, 15.52, 16.67, 24.55, 30.0, 15.52, 16.67, 24.55, 30.0, 15.52, 16.67, 24.55, 30.0, 15.52, 16.67, 24.55, 30.0, 15.52, 16.67, 24.55, 30.0, 15.52, 16.67, 24.55, 30.0, 15.52, 16.67, 24.55, 30.0, 15.52, 16.67, 24.55, 30.0, 15.52, 16.67, 24.55, 30.0, 15.52, 16.67, 24.55, 30.0, 15.52, 16.67, 24.55, 30.0, 15.52, 16.67, 24.55, 30.0, 15.52, 16.67, 24.55, 30.0, 15.52, 16.67] | Shifted: No
===== DOMAIN SHIFT AT ROUND 35 =====
New domain distribution:
  caltech: 3 clients
  amazon: 1 clients
  webcam: 3 clients
  dslr: 3 clients

Round 35 | Mean Acc: 35.80% | Domain Accs: [41.96, 38.95, 18.97, 43.33, 41.96, 38.95, 18.97, 43.33, 41.96, 38.95, 18.97, 43.33, 41.96, 38.95, 18.97, 43.33, 41.96, 38.95, 18.97, 43.33, 41.96, 38.95, 18.97, 43.33, 41.96, 38.95, 18.97, 43.33, 41.96, 38.95, 18.97, 43.33, 41.96, 38.95, 18.97, 43.33, 41.96, 38.95, 18.97, 43.33, 41.96, 38.95, 18.97, 43.33, 41.96, 38.95, 18.97, 43.33, 41.96, 38.95, 18.97, 43.33, 41.96, 38.95, 18.97, 43.33, 41.96, 38.95, 18.97, 43.33, 41.96, 38.95, 18.97, 43.33] | Shifted: Yes
Round 36 | Mean Acc: 44.13% | Domain Accs: [49.55, 47.89, 22.41, 56.67, 49.55, 47.89, 22.41, 56.67, 49.55, 47.89, 22.41, 56.67, 49.55, 47.89, 22.41, 56.67, 49.55, 47.89, 22.41, 56.67, 49.55, 47.89, 22.41, 56.67, 49.55, 47.89, 22.41, 56.67, 49.55, 47.89, 22.41, 56.67, 49.55, 47.89, 22.41, 56.67, 49.55, 47.89, 22.41, 56.67, 49.55, 47.89, 22.41, 56.67, 49.55, 47.89, 22.41, 56.67, 49.55, 47.89, 22.41, 56.67, 49.55, 47.89, 22.41, 56.67, 49.55, 47.89, 22.41, 56.67, 49.55, 47.89, 22.41, 56.67] | Shifted: No
Round 37 | Mean Acc: 44.52% | Domain Accs: [47.32, 53.16, 27.59, 50.0, 47.32, 53.16, 27.59, 50.0, 47.32, 53.16, 27.59, 50.0, 47.32, 53.16, 27.59, 50.0, 47.32, 53.16, 27.59, 50.0, 47.32, 53.16, 27.59, 50.0, 47.32, 53.16, 27.59, 50.0, 47.32, 53.16, 27.59, 50.0, 47.32, 53.16, 27.59, 50.0, 47.32, 53.16, 27.59, 50.0, 47.32, 53.16, 27.59, 50.0, 47.32, 53.16, 27.59, 50.0, 47.32, 53.16, 27.59, 50.0, 47.32, 53.16, 27.59, 50.0, 47.32, 53.16, 27.59, 50.0, 47.32, 53.16, 27.59, 50.0] | Shifted: No
  ★ New best accuracy: 44.52%
Round 38 | Mean Acc: 42.00% | Domain Accs: [45.09, 52.11, 24.14, 46.67, 45.09, 52.11, 24.14, 46.67, 45.09, 52.11, 24.14, 46.67, 45.09, 52.11, 24.14, 46.67, 45.09, 52.11, 24.14, 46.67, 45.09, 52.11, 24.14, 46.67, 45.09, 52.11, 24.14, 46.67, 45.09, 52.11, 24.14, 46.67, 45.09, 52.11, 24.14, 46.67, 45.09, 52.11, 24.14, 46.67, 45.09, 52.11, 24.14, 46.67, 45.09, 52.11, 24.14, 46.67, 45.09, 52.11, 24.14, 46.67, 45.09, 52.11, 24.14, 46.67, 45.09, 52.11, 24.14, 46.67, 45.09, 52.11, 24.14, 46.67] | Shifted: No
Round 39 | Mean Acc: 30.38% | Domain Accs: [39.29, 36.84, 12.07, 33.33, 39.29, 36.84, 12.07, 33.33, 39.29, 36.84, 12.07, 33.33, 39.29, 36.84, 12.07, 33.33, 39.29, 36.84, 12.07, 33.33, 39.29, 36.84, 12.07, 33.33, 39.29, 36.84, 12.07, 33.33, 39.29, 36.84, 12.07, 33.33, 39.29, 36.84, 12.07, 33.33, 39.29, 36.84, 12.07, 33.33, 39.29, 36.84, 12.07, 33.33, 39.29, 36.84, 12.07, 33.33, 39.29, 36.84, 12.07, 33.33, 39.29, 36.84, 12.07, 33.33, 39.29, 36.84, 12.07, 33.33, 39.29, 36.84, 12.07, 33.33] | Shifted: No
===== DOMAIN SHIFT AT ROUND 40 =====
New domain distribution:
  caltech: 3 clients
  amazon: 0 clients
  webcam: 5 clients
  dslr: 2 clients

Round 40 | Mean Acc: 20.95% | Domain Accs: [26.79, 30.0, 10.34, 16.67, 26.79, 30.0, 10.34, 16.67, 26.79, 30.0, 10.34, 16.67, 26.79, 30.0, 10.34, 16.67, 26.79, 30.0, 10.34, 16.67, 26.79, 30.0, 10.34, 16.67, 26.79, 30.0, 10.34, 16.67, 26.79, 30.0, 10.34, 16.67, 26.79, 30.0, 10.34, 16.67, 26.79, 30.0, 10.34, 16.67, 26.79, 30.0, 10.34, 16.67, 26.79, 30.0, 10.34, 16.67, 26.79, 30.0, 10.34, 16.67, 26.79, 30.0, 10.34, 16.67, 26.79, 30.0, 10.34, 16.67, 26.79, 30.0, 10.34, 16.67] | Shifted: Yes
Round 41 | Mean Acc: 42.92% | Domain Accs: [44.2, 50.0, 24.14, 53.33, 44.2, 50.0, 24.14, 53.33, 44.2, 50.0, 24.14, 53.33, 44.2, 50.0, 24.14, 53.33, 44.2, 50.0, 24.14, 53.33, 44.2, 50.0, 24.14, 53.33, 44.2, 50.0, 24.14, 53.33, 44.2, 50.0, 24.14, 53.33, 44.2, 50.0, 24.14, 53.33, 44.2, 50.0, 24.14, 53.33, 44.2, 50.0, 24.14, 53.33, 44.2, 50.0, 24.14, 53.33, 44.2, 50.0, 24.14, 53.33, 44.2, 50.0, 24.14, 53.33, 44.2, 50.0, 24.14, 53.33, 44.2, 50.0, 24.14, 53.33] | Shifted: No
Round 42 | Mean Acc: 45.05% | Domain Accs: [48.66, 52.11, 32.76, 46.67, 48.66, 52.11, 32.76, 46.67, 48.66, 52.11, 32.76, 46.67, 48.66, 52.11, 32.76, 46.67, 48.66, 52.11, 32.76, 46.67, 48.66, 52.11, 32.76, 46.67, 48.66, 52.11, 32.76, 46.67, 48.66, 52.11, 32.76, 46.67, 48.66, 52.11, 32.76, 46.67, 48.66, 52.11, 32.76, 46.67, 48.66, 52.11, 32.76, 46.67, 48.66, 52.11, 32.76, 46.67, 48.66, 52.11, 32.76, 46.67, 48.66, 52.11, 32.76, 46.67, 48.66, 52.11, 32.76, 46.67, 48.66, 52.11, 32.76, 46.67] | Shifted: No
  ★ New best accuracy: 45.05%
Round 43 | Mean Acc: 42.92% | Domain Accs: [44.64, 51.05, 29.31, 46.67, 44.64, 51.05, 29.31, 46.67, 44.64, 51.05, 29.31, 46.67, 44.64, 51.05, 29.31, 46.67, 44.64, 51.05, 29.31, 46.67, 44.64, 51.05, 29.31, 46.67, 44.64, 51.05, 29.31, 46.67, 44.64, 51.05, 29.31, 46.67, 44.64, 51.05, 29.31, 46.67, 44.64, 51.05, 29.31, 46.67, 44.64, 51.05, 29.31, 46.67, 44.64, 51.05, 29.31, 46.67, 44.64, 51.05, 29.31, 46.67, 44.64, 51.05, 29.31, 46.67, 44.64, 51.05, 29.31, 46.67, 44.64, 51.05, 29.31, 46.67] | Shifted: No
Round 44 | Mean Acc: 43.97% | Domain Accs: [47.32, 49.47, 22.41, 56.67, 47.32, 49.47, 22.41, 56.67, 47.32, 49.47, 22.41, 56.67, 47.32, 49.47, 22.41, 56.67, 47.32, 49.47, 22.41, 56.67, 47.32, 49.47, 22.41, 56.67, 47.32, 49.47, 22.41, 56.67, 47.32, 49.47, 22.41, 56.67, 47.32, 49.47, 22.41, 56.67, 47.32, 49.47, 22.41, 56.67, 47.32, 49.47, 22.41, 56.67, 47.32, 49.47, 22.41, 56.67, 47.32, 49.47, 22.41, 56.67, 47.32, 49.47, 22.41, 56.67, 47.32, 49.47, 22.41, 56.67, 47.32, 49.47, 22.41, 56.67] | Shifted: No
===== DOMAIN SHIFT AT ROUND 45 =====
New domain distribution:
  caltech: 2 clients
  amazon: 2 clients
  webcam: 3 clients
  dslr: 3 clients

Round 45 | Mean Acc: 25.51% | Domain Accs: [31.25, 33.68, 13.79, 23.33, 31.25, 33.68, 13.79, 23.33, 31.25, 33.68, 13.79, 23.33, 31.25, 33.68, 13.79, 23.33, 31.25, 33.68, 13.79, 23.33, 31.25, 33.68, 13.79, 23.33, 31.25, 33.68, 13.79, 23.33, 31.25, 33.68, 13.79, 23.33, 31.25, 33.68, 13.79, 23.33, 31.25, 33.68, 13.79, 23.33, 31.25, 33.68, 13.79, 23.33, 31.25, 33.68, 13.79, 23.33, 31.25, 33.68, 13.79, 23.33, 31.25, 33.68, 13.79, 23.33, 31.25, 33.68, 13.79, 23.33, 31.25, 33.68, 13.79, 23.33] | Shifted: Yes
Round 46 | Mean Acc: 30.70% | Domain Accs: [35.27, 36.84, 20.69, 30.0, 35.27, 36.84, 20.69, 30.0, 35.27, 36.84, 20.69, 30.0, 35.27, 36.84, 20.69, 30.0, 35.27, 36.84, 20.69, 30.0, 35.27, 36.84, 20.69, 30.0, 35.27, 36.84, 20.69, 30.0, 35.27, 36.84, 20.69, 30.0, 35.27, 36.84, 20.69, 30.0, 35.27, 36.84, 20.69, 30.0, 35.27, 36.84, 20.69, 30.0, 35.27, 36.84, 20.69, 30.0, 35.27, 36.84, 20.69, 30.0, 35.27, 36.84, 20.69, 30.0, 35.27, 36.84, 20.69, 30.0, 35.27, 36.84, 20.69, 30.0] | Shifted: No
Round 47 | Mean Acc: 40.99% | Domain Accs: [48.66, 46.32, 18.97, 50.0, 48.66, 46.32, 18.97, 50.0, 48.66, 46.32, 18.97, 50.0, 48.66, 46.32, 18.97, 50.0, 48.66, 46.32, 18.97, 50.0, 48.66, 46.32, 18.97, 50.0, 48.66, 46.32, 18.97, 50.0, 48.66, 46.32, 18.97, 50.0, 48.66, 46.32, 18.97, 50.0, 48.66, 46.32, 18.97, 50.0, 48.66, 46.32, 18.97, 50.0, 48.66, 46.32, 18.97, 50.0, 48.66, 46.32, 18.97, 50.0, 48.66, 46.32, 18.97, 50.0, 48.66, 46.32, 18.97, 50.0, 48.66, 46.32, 18.97, 50.0] | Shifted: No
Round 48 | Mean Acc: 42.48% | Domain Accs: [46.88, 50.53, 25.86, 46.67, 46.88, 50.53, 25.86, 46.67, 46.88, 50.53, 25.86, 46.67, 46.88, 50.53, 25.86, 46.67, 46.88, 50.53, 25.86, 46.67, 46.88, 50.53, 25.86, 46.67, 46.88, 50.53, 25.86, 46.67, 46.88, 50.53, 25.86, 46.67, 46.88, 50.53, 25.86, 46.67, 46.88, 50.53, 25.86, 46.67, 46.88, 50.53, 25.86, 46.67, 46.88, 50.53, 25.86, 46.67, 46.88, 50.53, 25.86, 46.67, 46.88, 50.53, 25.86, 46.67, 46.88, 50.53, 25.86, 46.67, 46.88, 50.53, 25.86, 46.67] | Shifted: No
Round 49 | Mean Acc: 41.74% | Domain Accs: [46.43, 47.89, 29.31, 43.33, 46.43, 47.89, 29.31, 43.33, 46.43, 47.89, 29.31, 43.33, 46.43, 47.89, 29.31, 43.33, 46.43, 47.89, 29.31, 43.33, 46.43, 47.89, 29.31, 43.33, 46.43, 47.89, 29.31, 43.33, 46.43, 47.89, 29.31, 43.33, 46.43, 47.89, 29.31, 43.33, 46.43, 47.89, 29.31, 43.33, 46.43, 47.89, 29.31, 43.33, 46.43, 47.89, 29.31, 43.33, 46.43, 47.89, 29.31, 43.33, 46.43, 47.89, 29.31, 43.33, 46.43, 47.89, 29.31, 43.33, 46.43, 47.89, 29.31, 43.33] | Shifted: No
===== DOMAIN SHIFT AT ROUND 50 =====
New domain distribution:
  caltech: 5 clients
  amazon: 2 clients
  webcam: 2 clients
  dslr: 1 clients

Round 50 | Mean Acc: 29.44% | Domain Accs: [38.84, 36.84, 12.07, 30.0, 38.84, 36.84, 12.07, 30.0, 38.84, 36.84, 12.07, 30.0, 38.84, 36.84, 12.07, 30.0, 38.84, 36.84, 12.07, 30.0, 38.84, 36.84, 12.07, 30.0, 38.84, 36.84, 12.07, 30.0, 38.84, 36.84, 12.07, 30.0, 38.84, 36.84, 12.07, 30.0, 38.84, 36.84, 12.07, 30.0, 38.84, 36.84, 12.07, 30.0, 38.84, 36.84, 12.07, 30.0, 38.84, 36.84, 12.07, 30.0, 38.84, 36.84, 12.07, 30.0, 38.84, 36.84, 12.07, 30.0, 38.84, 36.84, 12.07, 30.0] | Shifted: Yes
Round 51 | Mean Acc: 17.24% | Domain Accs: [22.77, 22.63, 6.9, 16.67, 22.77, 22.63, 6.9, 16.67, 22.77, 22.63, 6.9, 16.67, 22.77, 22.63, 6.9, 16.67, 22.77, 22.63, 6.9, 16.67, 22.77, 22.63, 6.9, 16.67, 22.77, 22.63, 6.9, 16.67, 22.77, 22.63, 6.9, 16.67, 22.77, 22.63, 6.9, 16.67, 22.77, 22.63, 6.9, 16.67, 22.77, 22.63, 6.9, 16.67, 22.77, 22.63, 6.9, 16.67, 22.77, 22.63, 6.9, 16.67, 22.77, 22.63, 6.9, 16.67, 22.77, 22.63, 6.9, 16.67, 22.77, 22.63, 6.9, 16.67] | Shifted: No
Round 52 | Mean Acc: 39.08% | Domain Accs: [47.32, 48.42, 17.24, 43.33, 47.32, 48.42, 17.24, 43.33, 47.32, 48.42, 17.24, 43.33, 47.32, 48.42, 17.24, 43.33, 47.32, 48.42, 17.24, 43.33, 47.32, 48.42, 17.24, 43.33, 47.32, 48.42, 17.24, 43.33, 47.32, 48.42, 17.24, 43.33, 47.32, 48.42, 17.24, 43.33, 47.32, 48.42, 17.24, 43.33, 47.32, 48.42, 17.24, 43.33, 47.32, 48.42, 17.24, 43.33, 47.32, 48.42, 17.24, 43.33, 47.32, 48.42, 17.24, 43.33, 47.32, 48.42, 17.24, 43.33, 47.32, 48.42, 17.24, 43.33] | Shifted: No
Round 53 | Mean Acc: 39.82% | Domain Accs: [44.2, 51.05, 20.69, 43.33, 44.2, 51.05, 20.69, 43.33, 44.2, 51.05, 20.69, 43.33, 44.2, 51.05, 20.69, 43.33, 44.2, 51.05, 20.69, 43.33, 44.2, 51.05, 20.69, 43.33, 44.2, 51.05, 20.69, 43.33, 44.2, 51.05, 20.69, 43.33, 44.2, 51.05, 20.69, 43.33, 44.2, 51.05, 20.69, 43.33, 44.2, 51.05, 20.69, 43.33, 44.2, 51.05, 20.69, 43.33, 44.2, 51.05, 20.69, 43.33, 44.2, 51.05, 20.69, 43.33, 44.2, 51.05, 20.69, 43.33, 44.2, 51.05, 20.69, 43.33] | Shifted: No
Round 54 | Mean Acc: 41.17% | Domain Accs: [45.09, 50.53, 22.41, 46.67, 45.09, 50.53, 22.41, 46.67, 45.09, 50.53, 22.41, 46.67, 45.09, 50.53, 22.41, 46.67, 45.09, 50.53, 22.41, 46.67, 45.09, 50.53, 22.41, 46.67, 45.09, 50.53, 22.41, 46.67, 45.09, 50.53, 22.41, 46.67, 45.09, 50.53, 22.41, 46.67, 45.09, 50.53, 22.41, 46.67, 45.09, 50.53, 22.41, 46.67, 45.09, 50.53, 22.41, 46.67, 45.09, 50.53, 22.41, 46.67, 45.09, 50.53, 22.41, 46.67, 45.09, 50.53, 22.41, 46.67, 45.09, 50.53, 22.41, 46.67] | Shifted: No
===== DOMAIN SHIFT AT ROUND 55 =====
New domain distribution:
  caltech: 4 clients
  amazon: 2 clients
  webcam: 1 clients
  dslr: 3 clients

Round 55 | Mean Acc: 42.40% | Domain Accs: [47.77, 52.63, 25.86, 43.33, 47.77, 52.63, 25.86, 43.33, 47.77, 52.63, 25.86, 43.33, 47.77, 52.63, 25.86, 43.33, 47.77, 52.63, 25.86, 43.33, 47.77, 52.63, 25.86, 43.33, 47.77, 52.63, 25.86, 43.33, 47.77, 52.63, 25.86, 43.33, 47.77, 52.63, 25.86, 43.33, 47.77, 52.63, 25.86, 43.33, 47.77, 52.63, 25.86, 43.33, 47.77, 52.63, 25.86, 43.33, 47.77, 52.63, 25.86, 43.33, 47.77, 52.63, 25.86, 43.33, 47.77, 52.63, 25.86, 43.33, 47.77, 52.63, 25.86, 43.33] | Shifted: Yes
Round 56 | Mean Acc: 37.84% | Domain Accs: [45.98, 47.89, 24.14, 33.33, 45.98, 47.89, 24.14, 33.33, 45.98, 47.89, 24.14, 33.33, 45.98, 47.89, 24.14, 33.33, 45.98, 47.89, 24.14, 33.33, 45.98, 47.89, 24.14, 33.33, 45.98, 47.89, 24.14, 33.33, 45.98, 47.89, 24.14, 33.33, 45.98, 47.89, 24.14, 33.33, 45.98, 47.89, 24.14, 33.33, 45.98, 47.89, 24.14, 33.33, 45.98, 47.89, 24.14, 33.33, 45.98, 47.89, 24.14, 33.33, 45.98, 47.89, 24.14, 33.33, 45.98, 47.89, 24.14, 33.33, 45.98, 47.89, 24.14, 33.33] | Shifted: No
Round 57 | Mean Acc: 22.43% | Domain Accs: [24.11, 33.68, 8.62, 23.33, 24.11, 33.68, 8.62, 23.33, 24.11, 33.68, 8.62, 23.33, 24.11, 33.68, 8.62, 23.33, 24.11, 33.68, 8.62, 23.33, 24.11, 33.68, 8.62, 23.33, 24.11, 33.68, 8.62, 23.33, 24.11, 33.68, 8.62, 23.33, 24.11, 33.68, 8.62, 23.33, 24.11, 33.68, 8.62, 23.33, 24.11, 33.68, 8.62, 23.33, 24.11, 33.68, 8.62, 23.33, 24.11, 33.68, 8.62, 23.33, 24.11, 33.68, 8.62, 23.33, 24.11, 33.68, 8.62, 23.33, 24.11, 33.68, 8.62, 23.33] | Shifted: No
Round 58 | Mean Acc: 37.56% | Domain Accs: [41.07, 41.58, 27.59, 40.0, 41.07, 41.58, 27.59, 40.0, 41.07, 41.58, 27.59, 40.0, 41.07, 41.58, 27.59, 40.0, 41.07, 41.58, 27.59, 40.0, 41.07, 41.58, 27.59, 40.0, 41.07, 41.58, 27.59, 40.0, 41.07, 41.58, 27.59, 40.0, 41.07, 41.58, 27.59, 40.0, 41.07, 41.58, 27.59, 40.0, 41.07, 41.58, 27.59, 40.0, 41.07, 41.58, 27.59, 40.0, 41.07, 41.58, 27.59, 40.0, 41.07, 41.58, 27.59, 40.0, 41.07, 41.58, 27.59, 40.0, 41.07, 41.58, 27.59, 40.0] | Shifted: No
Round 59 | Mean Acc: 40.05% | Domain Accs: [44.2, 50.0, 29.31, 36.67, 44.2, 50.0, 29.31, 36.67, 44.2, 50.0, 29.31, 36.67, 44.2, 50.0, 29.31, 36.67, 44.2, 50.0, 29.31, 36.67, 44.2, 50.0, 29.31, 36.67, 44.2, 50.0, 29.31, 36.67, 44.2, 50.0, 29.31, 36.67, 44.2, 50.0, 29.31, 36.67, 44.2, 50.0, 29.31, 36.67, 44.2, 50.0, 29.31, 36.67, 44.2, 50.0, 29.31, 36.67, 44.2, 50.0, 29.31, 36.67, 44.2, 50.0, 29.31, 36.67, 44.2, 50.0, 29.31, 36.67, 44.2, 50.0, 29.31, 36.67] | Shifted: No
===== DOMAIN SHIFT AT ROUND 60 =====
New domain distribution:
  caltech: 4 clients
  amazon: 2 clients
  webcam: 2 clients
  dslr: 2 clients

Round 60 | Mean Acc: 43.35% | Domain Accs: [46.43, 52.63, 31.03, 43.33, 46.43, 52.63, 31.03, 43.33, 46.43, 52.63, 31.03, 43.33, 46.43, 52.63, 31.03, 43.33, 46.43, 52.63, 31.03, 43.33, 46.43, 52.63, 31.03, 43.33, 46.43, 52.63, 31.03, 43.33, 46.43, 52.63, 31.03, 43.33, 46.43, 52.63, 31.03, 43.33, 46.43, 52.63, 31.03, 43.33, 46.43, 52.63, 31.03, 43.33, 46.43, 52.63, 31.03, 43.33, 46.43, 52.63, 31.03, 43.33, 46.43, 52.63, 31.03, 43.33, 46.43, 52.63, 31.03, 43.33, 46.43, 52.63, 31.03, 43.33] | Shifted: Yes
Round 61 | Mean Acc: 44.64% | Domain Accs: [48.21, 51.05, 29.31, 50.0, 48.21, 51.05, 29.31, 50.0, 48.21, 51.05, 29.31, 50.0, 48.21, 51.05, 29.31, 50.0, 48.21, 51.05, 29.31, 50.0, 48.21, 51.05, 29.31, 50.0, 48.21, 51.05, 29.31, 50.0, 48.21, 51.05, 29.31, 50.0, 48.21, 51.05, 29.31, 50.0, 48.21, 51.05, 29.31, 50.0, 48.21, 51.05, 29.31, 50.0, 48.21, 51.05, 29.31, 50.0, 48.21, 51.05, 29.31, 50.0, 48.21, 51.05, 29.31, 50.0, 48.21, 51.05, 29.31, 50.0, 48.21, 51.05, 29.31, 50.0] | Shifted: No
Round 62 | Mean Acc: 35.35% | Domain Accs: [45.98, 44.74, 20.69, 30.0, 45.98, 44.74, 20.69, 30.0, 45.98, 44.74, 20.69, 30.0, 45.98, 44.74, 20.69, 30.0, 45.98, 44.74, 20.69, 30.0, 45.98, 44.74, 20.69, 30.0, 45.98, 44.74, 20.69, 30.0, 45.98, 44.74, 20.69, 30.0, 45.98, 44.74, 20.69, 30.0, 45.98, 44.74, 20.69, 30.0, 45.98, 44.74, 20.69, 30.0, 45.98, 44.74, 20.69, 30.0, 45.98, 44.74, 20.69, 30.0, 45.98, 44.74, 20.69, 30.0, 45.98, 44.74, 20.69, 30.0, 45.98, 44.74, 20.69, 30.0] | Shifted: No
Round 63 | Mean Acc: 25.68% | Domain Accs: [29.46, 29.47, 13.79, 30.0, 29.46, 29.47, 13.79, 30.0, 29.46, 29.47, 13.79, 30.0, 29.46, 29.47, 13.79, 30.0, 29.46, 29.47, 13.79, 30.0, 29.46, 29.47, 13.79, 30.0, 29.46, 29.47, 13.79, 30.0, 29.46, 29.47, 13.79, 30.0, 29.46, 29.47, 13.79, 30.0, 29.46, 29.47, 13.79, 30.0, 29.46, 29.47, 13.79, 30.0, 29.46, 29.47, 13.79, 30.0, 29.46, 29.47, 13.79, 30.0, 29.46, 29.47, 13.79, 30.0, 29.46, 29.47, 13.79, 30.0, 29.46, 29.47, 13.79, 30.0] | Shifted: No
Round 64 | Mean Acc: 36.02% | Domain Accs: [46.88, 41.58, 18.97, 36.67, 46.88, 41.58, 18.97, 36.67, 46.88, 41.58, 18.97, 36.67, 46.88, 41.58, 18.97, 36.67, 46.88, 41.58, 18.97, 36.67, 46.88, 41.58, 18.97, 36.67, 46.88, 41.58, 18.97, 36.67, 46.88, 41.58, 18.97, 36.67, 46.88, 41.58, 18.97, 36.67, 46.88, 41.58, 18.97, 36.67, 46.88, 41.58, 18.97, 36.67, 46.88, 41.58, 18.97, 36.67, 46.88, 41.58, 18.97, 36.67, 46.88, 41.58, 18.97, 36.67, 46.88, 41.58, 18.97, 36.67, 46.88, 41.58, 18.97, 36.67] | Shifted: No
===== DOMAIN SHIFT AT ROUND 65 =====
New domain distribution:
  caltech: 4 clients
  amazon: 2 clients
  webcam: 3 clients
  dslr: 1 clients

Round 65 | Mean Acc: 42.52% | Domain Accs: [47.32, 48.42, 31.03, 43.33, 47.32, 48.42, 31.03, 43.33, 47.32, 48.42, 31.03, 43.33, 47.32, 48.42, 31.03, 43.33, 47.32, 48.42, 31.03, 43.33, 47.32, 48.42, 31.03, 43.33, 47.32, 48.42, 31.03, 43.33, 47.32, 48.42, 31.03, 43.33, 47.32, 48.42, 31.03, 43.33, 47.32, 48.42, 31.03, 43.33, 47.32, 48.42, 31.03, 43.33, 47.32, 48.42, 31.03, 43.33, 47.32, 48.42, 31.03, 43.33, 47.32, 48.42, 31.03, 43.33, 47.32, 48.42, 31.03, 43.33, 47.32, 48.42, 31.03, 43.33] | Shifted: Yes
Round 66 | Mean Acc: 42.56% | Domain Accs: [45.98, 48.42, 25.86, 50.0, 45.98, 48.42, 25.86, 50.0, 45.98, 48.42, 25.86, 50.0, 45.98, 48.42, 25.86, 50.0, 45.98, 48.42, 25.86, 50.0, 45.98, 48.42, 25.86, 50.0, 45.98, 48.42, 25.86, 50.0, 45.98, 48.42, 25.86, 50.0, 45.98, 48.42, 25.86, 50.0, 45.98, 48.42, 25.86, 50.0, 45.98, 48.42, 25.86, 50.0, 45.98, 48.42, 25.86, 50.0, 45.98, 48.42, 25.86, 50.0, 45.98, 48.42, 25.86, 50.0, 45.98, 48.42, 25.86, 50.0, 45.98, 48.42, 25.86, 50.0] | Shifted: No
Round 67 | Mean Acc: 43.57% | Domain Accs: [46.43, 48.42, 32.76, 46.67, 46.43, 48.42, 32.76, 46.67, 46.43, 48.42, 32.76, 46.67, 46.43, 48.42, 32.76, 46.67, 46.43, 48.42, 32.76, 46.67, 46.43, 48.42, 32.76, 46.67, 46.43, 48.42, 32.76, 46.67, 46.43, 48.42, 32.76, 46.67, 46.43, 48.42, 32.76, 46.67, 46.43, 48.42, 32.76, 46.67, 46.43, 48.42, 32.76, 46.67, 46.43, 48.42, 32.76, 46.67, 46.43, 48.42, 32.76, 46.67, 46.43, 48.42, 32.76, 46.67, 46.43, 48.42, 32.76, 46.67, 46.43, 48.42, 32.76, 46.67] | Shifted: No
Round 68 | Mean Acc: 38.41% | Domain Accs: [44.64, 43.16, 25.86, 40.0, 44.64, 43.16, 25.86, 40.0, 44.64, 43.16, 25.86, 40.0, 44.64, 43.16, 25.86, 40.0, 44.64, 43.16, 25.86, 40.0, 44.64, 43.16, 25.86, 40.0, 44.64, 43.16, 25.86, 40.0, 44.64, 43.16, 25.86, 40.0, 44.64, 43.16, 25.86, 40.0, 44.64, 43.16, 25.86, 40.0, 44.64, 43.16, 25.86, 40.0, 44.64, 43.16, 25.86, 40.0, 44.64, 43.16, 25.86, 40.0, 44.64, 43.16, 25.86, 40.0, 44.64, 43.16, 25.86, 40.0, 44.64, 43.16, 25.86, 40.0] | Shifted: No
Round 69 | Mean Acc: 36.62% | Domain Accs: [45.09, 37.37, 20.69, 43.33, 45.09, 37.37, 20.69, 43.33, 45.09, 37.37, 20.69, 43.33, 45.09, 37.37, 20.69, 43.33, 45.09, 37.37, 20.69, 43.33, 45.09, 37.37, 20.69, 43.33, 45.09, 37.37, 20.69, 43.33, 45.09, 37.37, 20.69, 43.33, 45.09, 37.37, 20.69, 43.33, 45.09, 37.37, 20.69, 43.33, 45.09, 37.37, 20.69, 43.33, 45.09, 37.37, 20.69, 43.33, 45.09, 37.37, 20.69, 43.33, 45.09, 37.37, 20.69, 43.33, 45.09, 37.37, 20.69, 43.33, 45.09, 37.37, 20.69, 43.33] | Shifted: No
===== DOMAIN SHIFT AT ROUND 70 =====
New domain distribution:
  caltech: 4 clients
  amazon: 4 clients
  webcam: 1 clients
  dslr: 1 clients

Round 70 | Mean Acc: 39.73% | Domain Accs: [47.77, 43.68, 24.14, 43.33, 47.77, 43.68, 24.14, 43.33, 47.77, 43.68, 24.14, 43.33, 47.77, 43.68, 24.14, 43.33, 47.77, 43.68, 24.14, 43.33, 47.77, 43.68, 24.14, 43.33, 47.77, 43.68, 24.14, 43.33, 47.77, 43.68, 24.14, 43.33, 47.77, 43.68, 24.14, 43.33, 47.77, 43.68, 24.14, 43.33, 47.77, 43.68, 24.14, 43.33, 47.77, 43.68, 24.14, 43.33, 47.77, 43.68, 24.14, 43.33, 47.77, 43.68, 24.14, 43.33, 47.77, 43.68, 24.14, 43.33, 47.77, 43.68, 24.14, 43.33] | Shifted: Yes
Round 71 | Mean Acc: 41.72% | Domain Accs: [46.43, 46.32, 24.14, 50.0, 46.43, 46.32, 24.14, 50.0, 46.43, 46.32, 24.14, 50.0, 46.43, 46.32, 24.14, 50.0, 46.43, 46.32, 24.14, 50.0, 46.43, 46.32, 24.14, 50.0, 46.43, 46.32, 24.14, 50.0, 46.43, 46.32, 24.14, 50.0, 46.43, 46.32, 24.14, 50.0, 46.43, 46.32, 24.14, 50.0, 46.43, 46.32, 24.14, 50.0, 46.43, 46.32, 24.14, 50.0, 46.43, 46.32, 24.14, 50.0, 46.43, 46.32, 24.14, 50.0, 46.43, 46.32, 24.14, 50.0, 46.43, 46.32, 24.14, 50.0] | Shifted: No
Round 72 | Mean Acc: 41.54% | Domain Accs: [45.09, 48.42, 29.31, 43.33, 45.09, 48.42, 29.31, 43.33, 45.09, 48.42, 29.31, 43.33, 45.09, 48.42, 29.31, 43.33, 45.09, 48.42, 29.31, 43.33, 45.09, 48.42, 29.31, 43.33, 45.09, 48.42, 29.31, 43.33, 45.09, 48.42, 29.31, 43.33, 45.09, 48.42, 29.31, 43.33, 45.09, 48.42, 29.31, 43.33, 45.09, 48.42, 29.31, 43.33, 45.09, 48.42, 29.31, 43.33, 45.09, 48.42, 29.31, 43.33, 45.09, 48.42, 29.31, 43.33, 45.09, 48.42, 29.31, 43.33, 45.09, 48.42, 29.31, 43.33] | Shifted: No
Round 73 | Mean Acc: 40.91% | Domain Accs: [47.77, 48.42, 24.14, 43.33, 47.77, 48.42, 24.14, 43.33, 47.77, 48.42, 24.14, 43.33, 47.77, 48.42, 24.14, 43.33, 47.77, 48.42, 24.14, 43.33, 47.77, 48.42, 24.14, 43.33, 47.77, 48.42, 24.14, 43.33, 47.77, 48.42, 24.14, 43.33, 47.77, 48.42, 24.14, 43.33, 47.77, 48.42, 24.14, 43.33, 47.77, 48.42, 24.14, 43.33, 47.77, 48.42, 24.14, 43.33, 47.77, 48.42, 24.14, 43.33, 47.77, 48.42, 24.14, 43.33, 47.77, 48.42, 24.14, 43.33, 47.77, 48.42, 24.14, 43.33] | Shifted: No
Round 74 | Mean Acc: 41.23% | Domain Accs: [45.54, 46.84, 25.86, 46.67, 45.54, 46.84, 25.86, 46.67, 45.54, 46.84, 25.86, 46.67, 45.54, 46.84, 25.86, 46.67, 45.54, 46.84, 25.86, 46.67, 45.54, 46.84, 25.86, 46.67, 45.54, 46.84, 25.86, 46.67, 45.54, 46.84, 25.86, 46.67, 45.54, 46.84, 25.86, 46.67, 45.54, 46.84, 25.86, 46.67, 45.54, 46.84, 25.86, 46.67, 45.54, 46.84, 25.86, 46.67, 45.54, 46.84, 25.86, 46.67, 45.54, 46.84, 25.86, 46.67, 45.54, 46.84, 25.86, 46.67, 45.54, 46.84, 25.86, 46.67] | Shifted: No
===== DOMAIN SHIFT AT ROUND 75 =====
New domain distribution:
  caltech: 7 clients
  amazon: 2 clients
  webcam: 0 clients
  dslr: 1 clients

Round 75 | Mean Acc: 19.06% | Domain Accs: [24.11, 26.84, 8.62, 16.67, 24.11, 26.84, 8.62, 16.67, 24.11, 26.84, 8.62, 16.67, 24.11, 26.84, 8.62, 16.67, 24.11, 26.84, 8.62, 16.67, 24.11, 26.84, 8.62, 16.67, 24.11, 26.84, 8.62, 16.67, 24.11, 26.84, 8.62, 16.67, 24.11, 26.84, 8.62, 16.67, 24.11, 26.84, 8.62, 16.67, 24.11, 26.84, 8.62, 16.67, 24.11, 26.84, 8.62, 16.67, 24.11, 26.84, 8.62, 16.67, 24.11, 26.84, 8.62, 16.67, 24.11, 26.84, 8.62, 16.67, 24.11, 26.84, 8.62, 16.67] | Shifted: Yes
Round 76 | Mean Acc: 41.02% | Domain Accs: [46.88, 41.58, 18.97, 56.67, 46.88, 41.58, 18.97, 56.67, 46.88, 41.58, 18.97, 56.67, 46.88, 41.58, 18.97, 56.67, 46.88, 41.58, 18.97, 56.67, 46.88, 41.58, 18.97, 56.67, 46.88, 41.58, 18.97, 56.67, 46.88, 41.58, 18.97, 56.67, 46.88, 41.58, 18.97, 56.67, 46.88, 41.58, 18.97, 56.67, 46.88, 41.58, 18.97, 56.67, 46.88, 41.58, 18.97, 56.67, 46.88, 41.58, 18.97, 56.67, 46.88, 41.58, 18.97, 56.67, 46.88, 41.58, 18.97, 56.67, 46.88, 41.58, 18.97, 56.67] | Shifted: No
Round 77 | Mean Acc: 43.80% | Domain Accs: [48.66, 48.95, 27.59, 50.0, 48.66, 48.95, 27.59, 50.0, 48.66, 48.95, 27.59, 50.0, 48.66, 48.95, 27.59, 50.0, 48.66, 48.95, 27.59, 50.0, 48.66, 48.95, 27.59, 50.0, 48.66, 48.95, 27.59, 50.0, 48.66, 48.95, 27.59, 50.0, 48.66, 48.95, 27.59, 50.0, 48.66, 48.95, 27.59, 50.0, 48.66, 48.95, 27.59, 50.0, 48.66, 48.95, 27.59, 50.0, 48.66, 48.95, 27.59, 50.0, 48.66, 48.95, 27.59, 50.0, 48.66, 48.95, 27.59, 50.0, 48.66, 48.95, 27.59, 50.0] | Shifted: No
Round 78 | Mean Acc: 44.17% | Domain Accs: [45.54, 50.0, 34.48, 46.67, 45.54, 50.0, 34.48, 46.67, 45.54, 50.0, 34.48, 46.67, 45.54, 50.0, 34.48, 46.67, 45.54, 50.0, 34.48, 46.67, 45.54, 50.0, 34.48, 46.67, 45.54, 50.0, 34.48, 46.67, 45.54, 50.0, 34.48, 46.67, 45.54, 50.0, 34.48, 46.67, 45.54, 50.0, 34.48, 46.67, 45.54, 50.0, 34.48, 46.67, 45.54, 50.0, 34.48, 46.67, 45.54, 50.0, 34.48, 46.67, 45.54, 50.0, 34.48, 46.67, 45.54, 50.0, 34.48, 46.67, 45.54, 50.0, 34.48, 46.67] | Shifted: No
Round 79 | Mean Acc: 40.22% | Domain Accs: [47.77, 48.95, 24.14, 40.0, 47.77, 48.95, 24.14, 40.0, 47.77, 48.95, 24.14, 40.0, 47.77, 48.95, 24.14, 40.0, 47.77, 48.95, 24.14, 40.0, 47.77, 48.95, 24.14, 40.0, 47.77, 48.95, 24.14, 40.0, 47.77, 48.95, 24.14, 40.0, 47.77, 48.95, 24.14, 40.0, 47.77, 48.95, 24.14, 40.0, 47.77, 48.95, 24.14, 40.0, 47.77, 48.95, 24.14, 40.0, 47.77, 48.95, 24.14, 40.0, 47.77, 48.95, 24.14, 40.0, 47.77, 48.95, 24.14, 40.0, 47.77, 48.95, 24.14, 40.0] | Shifted: No
===== DOMAIN SHIFT AT ROUND 80 =====
New domain distribution:
  caltech: 4 clients
  amazon: 2 clients
  webcam: 2 clients
  dslr: 2 clients

Round 80 | Mean Acc: 41.80% | Domain Accs: [47.32, 48.95, 27.59, 43.33, 47.32, 48.95, 27.59, 43.33, 47.32, 48.95, 27.59, 43.33, 47.32, 48.95, 27.59, 43.33, 47.32, 48.95, 27.59, 43.33, 47.32, 48.95, 27.59, 43.33, 47.32, 48.95, 27.59, 43.33, 47.32, 48.95, 27.59, 43.33, 47.32, 48.95, 27.59, 43.33, 47.32, 48.95, 27.59, 43.33, 47.32, 48.95, 27.59, 43.33, 47.32, 48.95, 27.59, 43.33, 47.32, 48.95, 27.59, 43.33, 47.32, 48.95, 27.59, 43.33, 47.32, 48.95, 27.59, 43.33, 47.32, 48.95, 27.59, 43.33] | Shifted: Yes
Round 81 | Mean Acc: 39.13% | Domain Accs: [44.64, 49.47, 22.41, 40.0, 44.64, 49.47, 22.41, 40.0, 44.64, 49.47, 22.41, 40.0, 44.64, 49.47, 22.41, 40.0, 44.64, 49.47, 22.41, 40.0, 44.64, 49.47, 22.41, 40.0, 44.64, 49.47, 22.41, 40.0, 44.64, 49.47, 22.41, 40.0, 44.64, 49.47, 22.41, 40.0, 44.64, 49.47, 22.41, 40.0, 44.64, 49.47, 22.41, 40.0, 44.64, 49.47, 22.41, 40.0, 44.64, 49.47, 22.41, 40.0, 44.64, 49.47, 22.41, 40.0, 44.64, 49.47, 22.41, 40.0, 44.64, 49.47, 22.41, 40.0] | Shifted: No
Round 82 | Mean Acc: 35.64% | Domain Accs: [35.71, 34.21, 29.31, 43.33, 35.71, 34.21, 29.31, 43.33, 35.71, 34.21, 29.31, 43.33, 35.71, 34.21, 29.31, 43.33, 35.71, 34.21, 29.31, 43.33, 35.71, 34.21, 29.31, 43.33, 35.71, 34.21, 29.31, 43.33, 35.71, 34.21, 29.31, 43.33, 35.71, 34.21, 29.31, 43.33, 35.71, 34.21, 29.31, 43.33, 35.71, 34.21, 29.31, 43.33, 35.71, 34.21, 29.31, 43.33, 35.71, 34.21, 29.31, 43.33, 35.71, 34.21, 29.31, 43.33, 35.71, 34.21, 29.31, 43.33, 35.71, 34.21, 29.31, 43.33] | Shifted: No
Round 83 | Mean Acc: 29.07% | Domain Accs: [37.5, 38.42, 10.34, 30.0, 37.5, 38.42, 10.34, 30.0, 37.5, 38.42, 10.34, 30.0, 37.5, 38.42, 10.34, 30.0, 37.5, 38.42, 10.34, 30.0, 37.5, 38.42, 10.34, 30.0, 37.5, 38.42, 10.34, 30.0, 37.5, 38.42, 10.34, 30.0, 37.5, 38.42, 10.34, 30.0, 37.5, 38.42, 10.34, 30.0, 37.5, 38.42, 10.34, 30.0, 37.5, 38.42, 10.34, 30.0, 37.5, 38.42, 10.34, 30.0, 37.5, 38.42, 10.34, 30.0, 37.5, 38.42, 10.34, 30.0, 37.5, 38.42, 10.34, 30.0] | Shifted: No
Round 84 | Mean Acc: 40.22% | Domain Accs: [44.64, 42.11, 24.14, 50.0, 44.64, 42.11, 24.14, 50.0, 44.64, 42.11, 24.14, 50.0, 44.64, 42.11, 24.14, 50.0, 44.64, 42.11, 24.14, 50.0, 44.64, 42.11, 24.14, 50.0, 44.64, 42.11, 24.14, 50.0, 44.64, 42.11, 24.14, 50.0, 44.64, 42.11, 24.14, 50.0, 44.64, 42.11, 24.14, 50.0, 44.64, 42.11, 24.14, 50.0, 44.64, 42.11, 24.14, 50.0, 44.64, 42.11, 24.14, 50.0, 44.64, 42.11, 24.14, 50.0, 44.64, 42.11, 24.14, 50.0, 44.64, 42.11, 24.14, 50.0] | Shifted: No
===== DOMAIN SHIFT AT ROUND 85 =====
New domain distribution:
  caltech: 1 clients
  amazon: 3 clients
  webcam: 2 clients
  dslr: 4 clients

Round 85 | Mean Acc: 43.81% | Domain Accs: [46.88, 48.95, 32.76, 46.67, 46.88, 48.95, 32.76, 46.67, 46.88, 48.95, 32.76, 46.67, 46.88, 48.95, 32.76, 46.67, 46.88, 48.95, 32.76, 46.67, 46.88, 48.95, 32.76, 46.67, 46.88, 48.95, 32.76, 46.67, 46.88, 48.95, 32.76, 46.67, 46.88, 48.95, 32.76, 46.67, 46.88, 48.95, 32.76, 46.67, 46.88, 48.95, 32.76, 46.67, 46.88, 48.95, 32.76, 46.67, 46.88, 48.95, 32.76, 46.67, 46.88, 48.95, 32.76, 46.67, 46.88, 48.95, 32.76, 46.67, 46.88, 48.95, 32.76, 46.67] | Shifted: Yes
Round 86 | Mean Acc: 44.61% | Domain Accs: [49.55, 49.47, 32.76, 46.67, 49.55, 49.47, 32.76, 46.67, 49.55, 49.47, 32.76, 46.67, 49.55, 49.47, 32.76, 46.67, 49.55, 49.47, 32.76, 46.67, 49.55, 49.47, 32.76, 46.67, 49.55, 49.47, 32.76, 46.67, 49.55, 49.47, 32.76, 46.67, 49.55, 49.47, 32.76, 46.67, 49.55, 49.47, 32.76, 46.67, 49.55, 49.47, 32.76, 46.67, 49.55, 49.47, 32.76, 46.67, 49.55, 49.47, 32.76, 46.67, 49.55, 49.47, 32.76, 46.67, 49.55, 49.47, 32.76, 46.67, 49.55, 49.47, 32.76, 46.67] | Shifted: No
Round 87 | Mean Acc: 44.37% | Domain Accs: [47.77, 50.53, 25.86, 53.33, 47.77, 50.53, 25.86, 53.33, 47.77, 50.53, 25.86, 53.33, 47.77, 50.53, 25.86, 53.33, 47.77, 50.53, 25.86, 53.33, 47.77, 50.53, 25.86, 53.33, 47.77, 50.53, 25.86, 53.33, 47.77, 50.53, 25.86, 53.33, 47.77, 50.53, 25.86, 53.33, 47.77, 50.53, 25.86, 53.33, 47.77, 50.53, 25.86, 53.33, 47.77, 50.53, 25.86, 53.33, 47.77, 50.53, 25.86, 53.33, 47.77, 50.53, 25.86, 53.33, 47.77, 50.53, 25.86, 53.33, 47.77, 50.53, 25.86, 53.33] | Shifted: No
Round 88 | Mean Acc: 33.87% | Domain Accs: [37.95, 36.84, 20.69, 40.0, 37.95, 36.84, 20.69, 40.0, 37.95, 36.84, 20.69, 40.0, 37.95, 36.84, 20.69, 40.0, 37.95, 36.84, 20.69, 40.0, 37.95, 36.84, 20.69, 40.0, 37.95, 36.84, 20.69, 40.0, 37.95, 36.84, 20.69, 40.0, 37.95, 36.84, 20.69, 40.0, 37.95, 36.84, 20.69, 40.0, 37.95, 36.84, 20.69, 40.0, 37.95, 36.84, 20.69, 40.0, 37.95, 36.84, 20.69, 40.0, 37.95, 36.84, 20.69, 40.0, 37.95, 36.84, 20.69, 40.0, 37.95, 36.84, 20.69, 40.0] | Shifted: No
Round 89 | Mean Acc: 23.47% | Domain Accs: [29.02, 29.47, 12.07, 23.33, 29.02, 29.47, 12.07, 23.33, 29.02, 29.47, 12.07, 23.33, 29.02, 29.47, 12.07, 23.33, 29.02, 29.47, 12.07, 23.33, 29.02, 29.47, 12.07, 23.33, 29.02, 29.47, 12.07, 23.33, 29.02, 29.47, 12.07, 23.33, 29.02, 29.47, 12.07, 23.33, 29.02, 29.47, 12.07, 23.33, 29.02, 29.47, 12.07, 23.33, 29.02, 29.47, 12.07, 23.33, 29.02, 29.47, 12.07, 23.33, 29.02, 29.47, 12.07, 23.33, 29.02, 29.47, 12.07, 23.33, 29.02, 29.47, 12.07, 23.33] | Shifted: No
===== DOMAIN SHIFT AT ROUND 90 =====
New domain distribution:
  caltech: 2 clients
  amazon: 3 clients
  webcam: 2 clients
  dslr: 3 clients

Round 90 | Mean Acc: 41.22% | Domain Accs: [45.54, 48.42, 27.59, 43.33, 45.54, 48.42, 27.59, 43.33, 45.54, 48.42, 27.59, 43.33, 45.54, 48.42, 27.59, 43.33, 45.54, 48.42, 27.59, 43.33, 45.54, 48.42, 27.59, 43.33, 45.54, 48.42, 27.59, 43.33, 45.54, 48.42, 27.59, 43.33, 45.54, 48.42, 27.59, 43.33, 45.54, 48.42, 27.59, 43.33, 45.54, 48.42, 27.59, 43.33, 45.54, 48.42, 27.59, 43.33, 45.54, 48.42, 27.59, 43.33, 45.54, 48.42, 27.59, 43.33, 45.54, 48.42, 27.59, 43.33, 45.54, 48.42, 27.59, 43.33] | Shifted: Yes
Round 91 | Mean Acc: 42.30% | Domain Accs: [46.43, 48.42, 31.03, 43.33, 46.43, 48.42, 31.03, 43.33, 46.43, 48.42, 31.03, 43.33, 46.43, 48.42, 31.03, 43.33, 46.43, 48.42, 31.03, 43.33, 46.43, 48.42, 31.03, 43.33, 46.43, 48.42, 31.03, 43.33, 46.43, 48.42, 31.03, 43.33, 46.43, 48.42, 31.03, 43.33, 46.43, 48.42, 31.03, 43.33, 46.43, 48.42, 31.03, 43.33, 46.43, 48.42, 31.03, 43.33, 46.43, 48.42, 31.03, 43.33, 46.43, 48.42, 31.03, 43.33, 46.43, 48.42, 31.03, 43.33, 46.43, 48.42, 31.03, 43.33] | Shifted: No
Round 92 | Mean Acc: 41.45% | Domain Accs: [46.43, 46.84, 25.86, 46.67, 46.43, 46.84, 25.86, 46.67, 46.43, 46.84, 25.86, 46.67, 46.43, 46.84, 25.86, 46.67, 46.43, 46.84, 25.86, 46.67, 46.43, 46.84, 25.86, 46.67, 46.43, 46.84, 25.86, 46.67, 46.43, 46.84, 25.86, 46.67, 46.43, 46.84, 25.86, 46.67, 46.43, 46.84, 25.86, 46.67, 46.43, 46.84, 25.86, 46.67, 46.43, 46.84, 25.86, 46.67, 46.43, 46.84, 25.86, 46.67, 46.43, 46.84, 25.86, 46.67, 46.43, 46.84, 25.86, 46.67, 46.43, 46.84, 25.86, 46.67] | Shifted: No
Round 93 | Mean Acc: 43.38% | Domain Accs: [45.09, 45.79, 29.31, 53.33, 45.09, 45.79, 29.31, 53.33, 45.09, 45.79, 29.31, 53.33, 45.09, 45.79, 29.31, 53.33, 45.09, 45.79, 29.31, 53.33, 45.09, 45.79, 29.31, 53.33, 45.09, 45.79, 29.31, 53.33, 45.09, 45.79, 29.31, 53.33, 45.09, 45.79, 29.31, 53.33, 45.09, 45.79, 29.31, 53.33, 45.09, 45.79, 29.31, 53.33, 45.09, 45.79, 29.31, 53.33, 45.09, 45.79, 29.31, 53.33, 45.09, 45.79, 29.31, 53.33, 45.09, 45.79, 29.31, 53.33, 45.09, 45.79, 29.31, 53.33] | Shifted: No
Round 94 | Mean Acc: 44.33% | Domain Accs: [49.11, 52.11, 32.76, 43.33, 49.11, 52.11, 32.76, 43.33, 49.11, 52.11, 32.76, 43.33, 49.11, 52.11, 32.76, 43.33, 49.11, 52.11, 32.76, 43.33, 49.11, 52.11, 32.76, 43.33, 49.11, 52.11, 32.76, 43.33, 49.11, 52.11, 32.76, 43.33, 49.11, 52.11, 32.76, 43.33, 49.11, 52.11, 32.76, 43.33, 49.11, 52.11, 32.76, 43.33, 49.11, 52.11, 32.76, 43.33, 49.11, 52.11, 32.76, 43.33, 49.11, 52.11, 32.76, 43.33, 49.11, 52.11, 32.76, 43.33, 49.11, 52.11, 32.76, 43.33] | Shifted: No
===== DOMAIN SHIFT AT ROUND 95 =====
New domain distribution:
  caltech: 1 clients
  amazon: 2 clients
  webcam: 4 clients
  dslr: 3 clients

Round 95 | Mean Acc: 42.90% | Domain Accs: [45.98, 46.32, 29.31, 50.0, 45.98, 46.32, 29.31, 50.0, 45.98, 46.32, 29.31, 50.0, 45.98, 46.32, 29.31, 50.0, 45.98, 46.32, 29.31, 50.0, 45.98, 46.32, 29.31, 50.0, 45.98, 46.32, 29.31, 50.0, 45.98, 46.32, 29.31, 50.0, 45.98, 46.32, 29.31, 50.0, 45.98, 46.32, 29.31, 50.0, 45.98, 46.32, 29.31, 50.0, 45.98, 46.32, 29.31, 50.0, 45.98, 46.32, 29.31, 50.0, 45.98, 46.32, 29.31, 50.0, 45.98, 46.32, 29.31, 50.0, 45.98, 46.32, 29.31, 50.0] | Shifted: Yes
Round 96 | Mean Acc: 42.76% | Domain Accs: [50.0, 40.0, 31.03, 50.0, 50.0, 40.0, 31.03, 50.0, 50.0, 40.0, 31.03, 50.0, 50.0, 40.0, 31.03, 50.0, 50.0, 40.0, 31.03, 50.0, 50.0, 40.0, 31.03, 50.0, 50.0, 40.0, 31.03, 50.0, 50.0, 40.0, 31.03, 50.0, 50.0, 40.0, 31.03, 50.0, 50.0, 40.0, 31.03, 50.0, 50.0, 40.0, 31.03, 50.0, 50.0, 40.0, 31.03, 50.0, 50.0, 40.0, 31.03, 50.0, 50.0, 40.0, 31.03, 50.0, 50.0, 40.0, 31.03, 50.0, 50.0, 40.0, 31.03, 50.0] | Shifted: No
Round 97 | Mean Acc: 40.40% | Domain Accs: [45.54, 45.26, 24.14, 46.67, 45.54, 45.26, 24.14, 46.67, 45.54, 45.26, 24.14, 46.67, 45.54, 45.26, 24.14, 46.67, 45.54, 45.26, 24.14, 46.67, 45.54, 45.26, 24.14, 46.67, 45.54, 45.26, 24.14, 46.67, 45.54, 45.26, 24.14, 46.67, 45.54, 45.26, 24.14, 46.67, 45.54, 45.26, 24.14, 46.67, 45.54, 45.26, 24.14, 46.67, 45.54, 45.26, 24.14, 46.67, 45.54, 45.26, 24.14, 46.67, 45.54, 45.26, 24.14, 46.67, 45.54, 45.26, 24.14, 46.67, 45.54, 45.26, 24.14, 46.67] | Shifted: No
Round 98 | Mean Acc: 43.51% | Domain Accs: [47.77, 46.84, 32.76, 46.67, 47.77, 46.84, 32.76, 46.67, 47.77, 46.84, 32.76, 46.67, 47.77, 46.84, 32.76, 46.67, 47.77, 46.84, 32.76, 46.67, 47.77, 46.84, 32.76, 46.67, 47.77, 46.84, 32.76, 46.67, 47.77, 46.84, 32.76, 46.67, 47.77, 46.84, 32.76, 46.67, 47.77, 46.84, 32.76, 46.67, 47.77, 46.84, 32.76, 46.67, 47.77, 46.84, 32.76, 46.67, 47.77, 46.84, 32.76, 46.67, 47.77, 46.84, 32.76, 46.67, 47.77, 46.84, 32.76, 46.67, 47.77, 46.84, 32.76, 46.67] | Shifted: No
Round 99 | Mean Acc: 41.76% | Domain Accs: [48.21, 47.89, 27.59, 43.33, 48.21, 47.89, 27.59, 43.33, 48.21, 47.89, 27.59, 43.33, 48.21, 47.89, 27.59, 43.33, 48.21, 47.89, 27.59, 43.33, 48.21, 47.89, 27.59, 43.33, 48.21, 47.89, 27.59, 43.33, 48.21, 47.89, 27.59, 43.33, 48.21, 47.89, 27.59, 43.33, 48.21, 47.89, 27.59, 43.33, 48.21, 47.89, 27.59, 43.33, 48.21, 47.89, 27.59, 43.33, 48.21, 47.89, 27.59, 43.33, 48.21, 47.89, 27.59, 43.33, 48.21, 47.89, 27.59, 43.33, 48.21, 47.89, 27.59, 43.33] | Shifted: No

===== EXPERIMENT SUMMARY =====
Best Mean Accuracy: 45.05%
Best Domain Accuracies: [50.0, 53.16, 34.48, 56.67, 50.0, 53.16, 34.48, 56.67, 50.0, 53.16, 34.48, 56.67, 50.0, 53.16, 34.48, 56.67, 50.0, 53.16, 34.48, 56.67, 50.0, 53.16, 34.48, 56.67, 50.0, 53.16, 34.48, 56.67, 50.0, 53.16, 34.48, 56.67, 50.0, 53.16, 34.48, 56.67, 50.0, 53.16, 34.48, 56.67, 50.0, 53.16, 34.48, 56.67, 50.0, 53.16, 34.48, 56.67, 50.0, 53.16, 34.48, 56.67, 50.0, 53.16, 34.48, 56.67, 50.0, 53.16, 34.48, 56.67, 50.0, 53.16, 34.48, 56.67]
Accuracy variance after shift at round 5: 3.4286
Accuracy variance after shift at round 10: 17.1373
Accuracy variance after shift at round 15: 2.7443
Accuracy variance after shift at round 20: 8.0535
Accuracy variance after shift at round 25: 7.7534
Accuracy variance after shift at round 30: 4.1389
Accuracy variance after shift at round 35: 16.1639
Accuracy variance after shift at round 40: 118.6609
Accuracy variance after shift at round 45: 41.3628
Accuracy variance after shift at round 50: 79.8314
Accuracy variance after shift at round 55: 72.9447
Accuracy variance after shift at round 60: 16.8898
Accuracy variance after shift at round 65: 0.2337
Accuracy variance after shift at round 70: 0.8079
Accuracy variance after shift at round 75: 122.4699
Accuracy variance after shift at round 80: 6.3577
Accuracy variance after shift at round 85: 0.1117
Accuracy variance after shift at round 90: 0.2166
Accuracy variance after shift at round 95: 1.3135
Average variance after shifts: 27.4011

Domain distribution at the end of experiment:
  caltech: 1 clients
  amazon: 2 clients
  webcam: 4 clients
  dslr: 3 clients
