===== EXPERIMENT CONFIGURATION =====
Model: fedavg
Dataset: fl_officecaltech
Backbone: resnet18
Participants: 10
Communication Epochs: 100
Local Epochs: 5
Shift Frequency: 5
Shift Ratio: 0.3
Pruning Strategy: AD
Alpha: 0.9
Alpha Min: 0.1
Epsilon: 0.2
Reg Coefficient: 0.01

===== DOMAIN SHIFT EXPERIMENT RESULTS =====
Format: Round [X] | Mean Acc: [Y]% | Domain Accs: [Z] | Shifted: [Yes/No]

Round 0 | Mean Acc: 10.05% | Domain Accs: [9.82, 8.42, 8.62, 13.33, 9.82, 8.42, 8.62, 13.33, 9.82, 8.42, 8.62, 13.33, 9.82, 8.42, 8.62, 13.33, 9.82, 8.42, 8.62, 13.33, 9.82, 8.42, 8.62, 13.33, 9.82, 8.42, 8.62, 13.33, 9.82, 8.42, 8.62, 13.33, 9.82, 8.42, 8.62, 13.33, 9.82, 8.42, 8.62, 13.33, 9.82, 8.42, 8.62, 13.33, 9.82, 8.42, 8.62, 13.33, 9.82, 8.42, 8.62, 13.33, 9.82, 8.42, 8.62, 13.33, 9.82, 8.42, 8.62, 13.33, 9.82, 8.42, 8.62, 13.33] | Shifted: No
  ★ New best accuracy: 10.05%
Round 1 | Mean Acc: 16.52% | Domain Accs: [26.79, 20.53, 12.07, 6.67, 26.79, 20.53, 12.07, 6.67, 26.79, 20.53, 12.07, 6.67, 26.79, 20.53, 12.07, 6.67, 26.79, 20.53, 12.07, 6.67, 26.79, 20.53, 12.07, 6.67, 26.79, 20.53, 12.07, 6.67, 26.79, 20.53, 12.07, 6.67, 26.79, 20.53, 12.07, 6.67, 26.79, 20.53, 12.07, 6.67, 26.79, 20.53, 12.07, 6.67, 26.79, 20.53, 12.07, 6.67, 26.79, 20.53, 12.07, 6.67, 26.79, 20.53, 12.07, 6.67, 26.79, 20.53, 12.07, 6.67, 26.79, 20.53, 12.07, 6.67] | Shifted: No
  ★ New best accuracy: 16.52%
Round 2 | Mean Acc: 27.07% | Domain Accs: [44.2, 32.11, 8.62, 23.33, 44.2, 32.11, 8.62, 23.33, 44.2, 32.11, 8.62, 23.33, 44.2, 32.11, 8.62, 23.33, 44.2, 32.11, 8.62, 23.33, 44.2, 32.11, 8.62, 23.33, 44.2, 32.11, 8.62, 23.33, 44.2, 32.11, 8.62, 23.33, 44.2, 32.11, 8.62, 23.33, 44.2, 32.11, 8.62, 23.33, 44.2, 32.11, 8.62, 23.33, 44.2, 32.11, 8.62, 23.33, 44.2, 32.11, 8.62, 23.33, 44.2, 32.11, 8.62, 23.33, 44.2, 32.11, 8.62, 23.33, 44.2, 32.11, 8.62, 23.33] | Shifted: No
  ★ New best accuracy: 27.07%
Round 3 | Mean Acc: 28.46% | Domain Accs: [37.5, 35.79, 17.24, 23.33, 37.5, 35.79, 17.24, 23.33, 37.5, 35.79, 17.24, 23.33, 37.5, 35.79, 17.24, 23.33, 37.5, 35.79, 17.24, 23.33, 37.5, 35.79, 17.24, 23.33, 37.5, 35.79, 17.24, 23.33, 37.5, 35.79, 17.24, 23.33, 37.5, 35.79, 17.24, 23.33, 37.5, 35.79, 17.24, 23.33, 37.5, 35.79, 17.24, 23.33, 37.5, 35.79, 17.24, 23.33, 37.5, 35.79, 17.24, 23.33, 37.5, 35.79, 17.24, 23.33, 37.5, 35.79, 17.24, 23.33, 37.5, 35.79, 17.24, 23.33] | Shifted: No
  ★ New best accuracy: 28.46%
Round 4 | Mean Acc: 27.93% | Domain Accs: [38.84, 38.95, 17.24, 16.67, 38.84, 38.95, 17.24, 16.67, 38.84, 38.95, 17.24, 16.67, 38.84, 38.95, 17.24, 16.67, 38.84, 38.95, 17.24, 16.67, 38.84, 38.95, 17.24, 16.67, 38.84, 38.95, 17.24, 16.67, 38.84, 38.95, 17.24, 16.67, 38.84, 38.95, 17.24, 16.67, 38.84, 38.95, 17.24, 16.67, 38.84, 38.95, 17.24, 16.67, 38.84, 38.95, 17.24, 16.67, 38.84, 38.95, 17.24, 16.67, 38.84, 38.95, 17.24, 16.67, 38.84, 38.95, 17.24, 16.67, 38.84, 38.95, 17.24, 16.67] | Shifted: No
===== DOMAIN SHIFT AT ROUND 5 =====
New domain distribution:
  caltech: 1 clients
  amazon: 4 clients
  webcam: 3 clients
  dslr: 2 clients

Round 5 | Mean Acc: 32.35% | Domain Accs: [41.07, 35.79, 25.86, 26.67, 41.07, 35.79, 25.86, 26.67, 41.07, 35.79, 25.86, 26.67, 41.07, 35.79, 25.86, 26.67, 41.07, 35.79, 25.86, 26.67, 41.07, 35.79, 25.86, 26.67, 41.07, 35.79, 25.86, 26.67, 41.07, 35.79, 25.86, 26.67, 41.07, 35.79, 25.86, 26.67, 41.07, 35.79, 25.86, 26.67, 41.07, 35.79, 25.86, 26.67, 41.07, 35.79, 25.86, 26.67, 41.07, 35.79, 25.86, 26.67, 41.07, 35.79, 25.86, 26.67, 41.07, 35.79, 25.86, 26.67, 41.07, 35.79, 25.86, 26.67] | Shifted: Yes
  ★ New best accuracy: 32.35%
Round 6 | Mean Acc: 30.71% | Domain Accs: [41.07, 39.47, 18.97, 23.33, 41.07, 39.47, 18.97, 23.33, 41.07, 39.47, 18.97, 23.33, 41.07, 39.47, 18.97, 23.33, 41.07, 39.47, 18.97, 23.33, 41.07, 39.47, 18.97, 23.33, 41.07, 39.47, 18.97, 23.33, 41.07, 39.47, 18.97, 23.33, 41.07, 39.47, 18.97, 23.33, 41.07, 39.47, 18.97, 23.33, 41.07, 39.47, 18.97, 23.33, 41.07, 39.47, 18.97, 23.33, 41.07, 39.47, 18.97, 23.33, 41.07, 39.47, 18.97, 23.33, 41.07, 39.47, 18.97, 23.33, 41.07, 39.47, 18.97, 23.33] | Shifted: No
Round 7 | Mean Acc: 31.19% | Domain Accs: [41.96, 42.11, 20.69, 20.0, 41.96, 42.11, 20.69, 20.0, 41.96, 42.11, 20.69, 20.0, 41.96, 42.11, 20.69, 20.0, 41.96, 42.11, 20.69, 20.0, 41.96, 42.11, 20.69, 20.0, 41.96, 42.11, 20.69, 20.0, 41.96, 42.11, 20.69, 20.0, 41.96, 42.11, 20.69, 20.0, 41.96, 42.11, 20.69, 20.0, 41.96, 42.11, 20.69, 20.0, 41.96, 42.11, 20.69, 20.0, 41.96, 42.11, 20.69, 20.0, 41.96, 42.11, 20.69, 20.0, 41.96, 42.11, 20.69, 20.0, 41.96, 42.11, 20.69, 20.0] | Shifted: No
Round 8 | Mean Acc: 32.17% | Domain Accs: [40.18, 42.63, 25.86, 20.0, 40.18, 42.63, 25.86, 20.0, 40.18, 42.63, 25.86, 20.0, 40.18, 42.63, 25.86, 20.0, 40.18, 42.63, 25.86, 20.0, 40.18, 42.63, 25.86, 20.0, 40.18, 42.63, 25.86, 20.0, 40.18, 42.63, 25.86, 20.0, 40.18, 42.63, 25.86, 20.0, 40.18, 42.63, 25.86, 20.0, 40.18, 42.63, 25.86, 20.0, 40.18, 42.63, 25.86, 20.0, 40.18, 42.63, 25.86, 20.0, 40.18, 42.63, 25.86, 20.0, 40.18, 42.63, 25.86, 20.0, 40.18, 42.63, 25.86, 20.0] | Shifted: No
Round 9 | Mean Acc: 32.95% | Domain Accs: [43.3, 42.63, 25.86, 20.0, 43.3, 42.63, 25.86, 20.0, 43.3, 42.63, 25.86, 20.0, 43.3, 42.63, 25.86, 20.0, 43.3, 42.63, 25.86, 20.0, 43.3, 42.63, 25.86, 20.0, 43.3, 42.63, 25.86, 20.0, 43.3, 42.63, 25.86, 20.0, 43.3, 42.63, 25.86, 20.0, 43.3, 42.63, 25.86, 20.0, 43.3, 42.63, 25.86, 20.0, 43.3, 42.63, 25.86, 20.0, 43.3, 42.63, 25.86, 20.0, 43.3, 42.63, 25.86, 20.0, 43.3, 42.63, 25.86, 20.0, 43.3, 42.63, 25.86, 20.0] | Shifted: No
  ★ New best accuracy: 32.95%
===== DOMAIN SHIFT AT ROUND 10 =====
New domain distribution:
  caltech: 3 clients
  amazon: 3 clients
  webcam: 3 clients
  dslr: 1 clients

Round 10 | Mean Acc: 31.98% | Domain Accs: [40.62, 43.16, 24.14, 20.0, 40.62, 43.16, 24.14, 20.0, 40.62, 43.16, 24.14, 20.0, 40.62, 43.16, 24.14, 20.0, 40.62, 43.16, 24.14, 20.0, 40.62, 43.16, 24.14, 20.0, 40.62, 43.16, 24.14, 20.0, 40.62, 43.16, 24.14, 20.0, 40.62, 43.16, 24.14, 20.0, 40.62, 43.16, 24.14, 20.0, 40.62, 43.16, 24.14, 20.0, 40.62, 43.16, 24.14, 20.0, 40.62, 43.16, 24.14, 20.0, 40.62, 43.16, 24.14, 20.0, 40.62, 43.16, 24.14, 20.0, 40.62, 43.16, 24.14, 20.0] | Shifted: Yes
Round 11 | Mean Acc: 32.04% | Domain Accs: [40.18, 42.11, 25.86, 20.0, 40.18, 42.11, 25.86, 20.0, 40.18, 42.11, 25.86, 20.0, 40.18, 42.11, 25.86, 20.0, 40.18, 42.11, 25.86, 20.0, 40.18, 42.11, 25.86, 20.0, 40.18, 42.11, 25.86, 20.0, 40.18, 42.11, 25.86, 20.0, 40.18, 42.11, 25.86, 20.0, 40.18, 42.11, 25.86, 20.0, 40.18, 42.11, 25.86, 20.0, 40.18, 42.11, 25.86, 20.0, 40.18, 42.11, 25.86, 20.0, 40.18, 42.11, 25.86, 20.0, 40.18, 42.11, 25.86, 20.0, 40.18, 42.11, 25.86, 20.0] | Shifted: No
Round 12 | Mean Acc: 31.85% | Domain Accs: [40.62, 42.63, 24.14, 20.0, 40.62, 42.63, 24.14, 20.0, 40.62, 42.63, 24.14, 20.0, 40.62, 42.63, 24.14, 20.0, 40.62, 42.63, 24.14, 20.0, 40.62, 42.63, 24.14, 20.0, 40.62, 42.63, 24.14, 20.0, 40.62, 42.63, 24.14, 20.0, 40.62, 42.63, 24.14, 20.0, 40.62, 42.63, 24.14, 20.0, 40.62, 42.63, 24.14, 20.0, 40.62, 42.63, 24.14, 20.0, 40.62, 42.63, 24.14, 20.0, 40.62, 42.63, 24.14, 20.0, 40.62, 42.63, 24.14, 20.0, 40.62, 42.63, 24.14, 20.0] | Shifted: No
Round 13 | Mean Acc: 31.85% | Domain Accs: [40.62, 42.63, 24.14, 20.0, 40.62, 42.63, 24.14, 20.0, 40.62, 42.63, 24.14, 20.0, 40.62, 42.63, 24.14, 20.0, 40.62, 42.63, 24.14, 20.0, 40.62, 42.63, 24.14, 20.0, 40.62, 42.63, 24.14, 20.0, 40.62, 42.63, 24.14, 20.0, 40.62, 42.63, 24.14, 20.0, 40.62, 42.63, 24.14, 20.0, 40.62, 42.63, 24.14, 20.0, 40.62, 42.63, 24.14, 20.0, 40.62, 42.63, 24.14, 20.0, 40.62, 42.63, 24.14, 20.0, 40.62, 42.63, 24.14, 20.0, 40.62, 42.63, 24.14, 20.0] | Shifted: No
Round 14 | Mean Acc: 33.04% | Domain Accs: [41.52, 43.16, 24.14, 23.33, 41.52, 43.16, 24.14, 23.33, 41.52, 43.16, 24.14, 23.33, 41.52, 43.16, 24.14, 23.33, 41.52, 43.16, 24.14, 23.33, 41.52, 43.16, 24.14, 23.33, 41.52, 43.16, 24.14, 23.33, 41.52, 43.16, 24.14, 23.33, 41.52, 43.16, 24.14, 23.33, 41.52, 43.16, 24.14, 23.33, 41.52, 43.16, 24.14, 23.33, 41.52, 43.16, 24.14, 23.33, 41.52, 43.16, 24.14, 23.33, 41.52, 43.16, 24.14, 23.33, 41.52, 43.16, 24.14, 23.33, 41.52, 43.16, 24.14, 23.33] | Shifted: No
  ★ New best accuracy: 33.04%
===== DOMAIN SHIFT AT ROUND 15 =====
New domain distribution:
  caltech: 2 clients
  amazon: 5 clients
  webcam: 1 clients
  dslr: 2 clients

Round 15 | Mean Acc: 31.72% | Domain Accs: [40.62, 42.11, 24.14, 20.0, 40.62, 42.11, 24.14, 20.0, 40.62, 42.11, 24.14, 20.0, 40.62, 42.11, 24.14, 20.0, 40.62, 42.11, 24.14, 20.0, 40.62, 42.11, 24.14, 20.0, 40.62, 42.11, 24.14, 20.0, 40.62, 42.11, 24.14, 20.0, 40.62, 42.11, 24.14, 20.0, 40.62, 42.11, 24.14, 20.0, 40.62, 42.11, 24.14, 20.0, 40.62, 42.11, 24.14, 20.0, 40.62, 42.11, 24.14, 20.0, 40.62, 42.11, 24.14, 20.0, 40.62, 42.11, 24.14, 20.0, 40.62, 42.11, 24.14, 20.0] | Shifted: Yes
Round 16 | Mean Acc: 32.34% | Domain Accs: [40.18, 40.0, 25.86, 23.33, 40.18, 40.0, 25.86, 23.33, 40.18, 40.0, 25.86, 23.33, 40.18, 40.0, 25.86, 23.33, 40.18, 40.0, 25.86, 23.33, 40.18, 40.0, 25.86, 23.33, 40.18, 40.0, 25.86, 23.33, 40.18, 40.0, 25.86, 23.33, 40.18, 40.0, 25.86, 23.33, 40.18, 40.0, 25.86, 23.33, 40.18, 40.0, 25.86, 23.33, 40.18, 40.0, 25.86, 23.33, 40.18, 40.0, 25.86, 23.33, 40.18, 40.0, 25.86, 23.33, 40.18, 40.0, 25.86, 23.33, 40.18, 40.0, 25.86, 23.33] | Shifted: No
Round 17 | Mean Acc: 31.98% | Domain Accs: [40.62, 43.16, 24.14, 20.0, 40.62, 43.16, 24.14, 20.0, 40.62, 43.16, 24.14, 20.0, 40.62, 43.16, 24.14, 20.0, 40.62, 43.16, 24.14, 20.0, 40.62, 43.16, 24.14, 20.0, 40.62, 43.16, 24.14, 20.0, 40.62, 43.16, 24.14, 20.0, 40.62, 43.16, 24.14, 20.0, 40.62, 43.16, 24.14, 20.0, 40.62, 43.16, 24.14, 20.0, 40.62, 43.16, 24.14, 20.0, 40.62, 43.16, 24.14, 20.0, 40.62, 43.16, 24.14, 20.0, 40.62, 43.16, 24.14, 20.0, 40.62, 43.16, 24.14, 20.0] | Shifted: No
Round 18 | Mean Acc: 32.62% | Domain Accs: [41.07, 43.68, 22.41, 23.33, 41.07, 43.68, 22.41, 23.33, 41.07, 43.68, 22.41, 23.33, 41.07, 43.68, 22.41, 23.33, 41.07, 43.68, 22.41, 23.33, 41.07, 43.68, 22.41, 23.33, 41.07, 43.68, 22.41, 23.33, 41.07, 43.68, 22.41, 23.33, 41.07, 43.68, 22.41, 23.33, 41.07, 43.68, 22.41, 23.33, 41.07, 43.68, 22.41, 23.33, 41.07, 43.68, 22.41, 23.33, 41.07, 43.68, 22.41, 23.33, 41.07, 43.68, 22.41, 23.33, 41.07, 43.68, 22.41, 23.33, 41.07, 43.68, 22.41, 23.33] | Shifted: No
Round 19 | Mean Acc: 31.85% | Domain Accs: [40.62, 42.63, 24.14, 20.0, 40.62, 42.63, 24.14, 20.0, 40.62, 42.63, 24.14, 20.0, 40.62, 42.63, 24.14, 20.0, 40.62, 42.63, 24.14, 20.0, 40.62, 42.63, 24.14, 20.0, 40.62, 42.63, 24.14, 20.0, 40.62, 42.63, 24.14, 20.0, 40.62, 42.63, 24.14, 20.0, 40.62, 42.63, 24.14, 20.0, 40.62, 42.63, 24.14, 20.0, 40.62, 42.63, 24.14, 20.0, 40.62, 42.63, 24.14, 20.0, 40.62, 42.63, 24.14, 20.0, 40.62, 42.63, 24.14, 20.0, 40.62, 42.63, 24.14, 20.0] | Shifted: No
===== DOMAIN SHIFT AT ROUND 20 =====
New domain distribution:
  caltech: 3 clients
  amazon: 2 clients
  webcam: 3 clients
  dslr: 2 clients

Round 20 | Mean Acc: 31.96% | Domain Accs: [41.07, 42.63, 24.14, 20.0, 41.07, 42.63, 24.14, 20.0, 41.07, 42.63, 24.14, 20.0, 41.07, 42.63, 24.14, 20.0, 41.07, 42.63, 24.14, 20.0, 41.07, 42.63, 24.14, 20.0, 41.07, 42.63, 24.14, 20.0, 41.07, 42.63, 24.14, 20.0, 41.07, 42.63, 24.14, 20.0, 41.07, 42.63, 24.14, 20.0, 41.07, 42.63, 24.14, 20.0, 41.07, 42.63, 24.14, 20.0, 41.07, 42.63, 24.14, 20.0, 41.07, 42.63, 24.14, 20.0, 41.07, 42.63, 24.14, 20.0, 41.07, 42.63, 24.14, 20.0] | Shifted: Yes
Round 21 | Mean Acc: 32.22% | Domain Accs: [41.07, 43.68, 24.14, 20.0, 41.07, 43.68, 24.14, 20.0, 41.07, 43.68, 24.14, 20.0, 41.07, 43.68, 24.14, 20.0, 41.07, 43.68, 24.14, 20.0, 41.07, 43.68, 24.14, 20.0, 41.07, 43.68, 24.14, 20.0, 41.07, 43.68, 24.14, 20.0, 41.07, 43.68, 24.14, 20.0, 41.07, 43.68, 24.14, 20.0, 41.07, 43.68, 24.14, 20.0, 41.07, 43.68, 24.14, 20.0, 41.07, 43.68, 24.14, 20.0, 41.07, 43.68, 24.14, 20.0, 41.07, 43.68, 24.14, 20.0, 41.07, 43.68, 24.14, 20.0] | Shifted: No
Round 22 | Mean Acc: 31.96% | Domain Accs: [41.07, 42.63, 24.14, 20.0, 41.07, 42.63, 24.14, 20.0, 41.07, 42.63, 24.14, 20.0, 41.07, 42.63, 24.14, 20.0, 41.07, 42.63, 24.14, 20.0, 41.07, 42.63, 24.14, 20.0, 41.07, 42.63, 24.14, 20.0, 41.07, 42.63, 24.14, 20.0, 41.07, 42.63, 24.14, 20.0, 41.07, 42.63, 24.14, 20.0, 41.07, 42.63, 24.14, 20.0, 41.07, 42.63, 24.14, 20.0, 41.07, 42.63, 24.14, 20.0, 41.07, 42.63, 24.14, 20.0, 41.07, 42.63, 24.14, 20.0, 41.07, 42.63, 24.14, 20.0] | Shifted: No
Round 23 | Mean Acc: 32.09% | Domain Accs: [41.07, 43.16, 24.14, 20.0, 41.07, 43.16, 24.14, 20.0, 41.07, 43.16, 24.14, 20.0, 41.07, 43.16, 24.14, 20.0, 41.07, 43.16, 24.14, 20.0, 41.07, 43.16, 24.14, 20.0, 41.07, 43.16, 24.14, 20.0, 41.07, 43.16, 24.14, 20.0, 41.07, 43.16, 24.14, 20.0, 41.07, 43.16, 24.14, 20.0, 41.07, 43.16, 24.14, 20.0, 41.07, 43.16, 24.14, 20.0, 41.07, 43.16, 24.14, 20.0, 41.07, 43.16, 24.14, 20.0, 41.07, 43.16, 24.14, 20.0, 41.07, 43.16, 24.14, 20.0] | Shifted: No
Round 24 | Mean Acc: 31.85% | Domain Accs: [40.62, 42.63, 24.14, 20.0, 40.62, 42.63, 24.14, 20.0, 40.62, 42.63, 24.14, 20.0, 40.62, 42.63, 24.14, 20.0, 40.62, 42.63, 24.14, 20.0, 40.62, 42.63, 24.14, 20.0, 40.62, 42.63, 24.14, 20.0, 40.62, 42.63, 24.14, 20.0, 40.62, 42.63, 24.14, 20.0, 40.62, 42.63, 24.14, 20.0, 40.62, 42.63, 24.14, 20.0, 40.62, 42.63, 24.14, 20.0, 40.62, 42.63, 24.14, 20.0, 40.62, 42.63, 24.14, 20.0, 40.62, 42.63, 24.14, 20.0, 40.62, 42.63, 24.14, 20.0] | Shifted: No
===== DOMAIN SHIFT AT ROUND 25 =====
New domain distribution:
  caltech: 4 clients
  amazon: 3 clients
  webcam: 2 clients
  dslr: 1 clients

Round 25 | Mean Acc: 32.38% | Domain Accs: [40.62, 43.16, 22.41, 23.33, 40.62, 43.16, 22.41, 23.33, 40.62, 43.16, 22.41, 23.33, 40.62, 43.16, 22.41, 23.33, 40.62, 43.16, 22.41, 23.33, 40.62, 43.16, 22.41, 23.33, 40.62, 43.16, 22.41, 23.33, 40.62, 43.16, 22.41, 23.33, 40.62, 43.16, 22.41, 23.33, 40.62, 43.16, 22.41, 23.33, 40.62, 43.16, 22.41, 23.33, 40.62, 43.16, 22.41, 23.33, 40.62, 43.16, 22.41, 23.33, 40.62, 43.16, 22.41, 23.33, 40.62, 43.16, 22.41, 23.33, 40.62, 43.16, 22.41, 23.33] | Shifted: Yes
Round 26 | Mean Acc: 32.20% | Domain Accs: [41.52, 43.16, 24.14, 20.0, 41.52, 43.16, 24.14, 20.0, 41.52, 43.16, 24.14, 20.0, 41.52, 43.16, 24.14, 20.0, 41.52, 43.16, 24.14, 20.0, 41.52, 43.16, 24.14, 20.0, 41.52, 43.16, 24.14, 20.0, 41.52, 43.16, 24.14, 20.0, 41.52, 43.16, 24.14, 20.0, 41.52, 43.16, 24.14, 20.0, 41.52, 43.16, 24.14, 20.0, 41.52, 43.16, 24.14, 20.0, 41.52, 43.16, 24.14, 20.0, 41.52, 43.16, 24.14, 20.0, 41.52, 43.16, 24.14, 20.0, 41.52, 43.16, 24.14, 20.0] | Shifted: No
Round 27 | Mean Acc: 31.98% | Domain Accs: [40.62, 43.16, 24.14, 20.0, 40.62, 43.16, 24.14, 20.0, 40.62, 43.16, 24.14, 20.0, 40.62, 43.16, 24.14, 20.0, 40.62, 43.16, 24.14, 20.0, 40.62, 43.16, 24.14, 20.0, 40.62, 43.16, 24.14, 20.0, 40.62, 43.16, 24.14, 20.0, 40.62, 43.16, 24.14, 20.0, 40.62, 43.16, 24.14, 20.0, 40.62, 43.16, 24.14, 20.0, 40.62, 43.16, 24.14, 20.0, 40.62, 43.16, 24.14, 20.0, 40.62, 43.16, 24.14, 20.0, 40.62, 43.16, 24.14, 20.0, 40.62, 43.16, 24.14, 20.0] | Shifted: No
Round 28 | Mean Acc: 32.30% | Domain Accs: [42.41, 42.63, 24.14, 20.0, 42.41, 42.63, 24.14, 20.0, 42.41, 42.63, 24.14, 20.0, 42.41, 42.63, 24.14, 20.0, 42.41, 42.63, 24.14, 20.0, 42.41, 42.63, 24.14, 20.0, 42.41, 42.63, 24.14, 20.0, 42.41, 42.63, 24.14, 20.0, 42.41, 42.63, 24.14, 20.0, 42.41, 42.63, 24.14, 20.0, 42.41, 42.63, 24.14, 20.0, 42.41, 42.63, 24.14, 20.0, 42.41, 42.63, 24.14, 20.0, 42.41, 42.63, 24.14, 20.0, 42.41, 42.63, 24.14, 20.0, 42.41, 42.63, 24.14, 20.0] | Shifted: No
Round 29 | Mean Acc: 32.34% | Domain Accs: [41.52, 43.68, 24.14, 20.0, 41.52, 43.68, 24.14, 20.0, 41.52, 43.68, 24.14, 20.0, 41.52, 43.68, 24.14, 20.0, 41.52, 43.68, 24.14, 20.0, 41.52, 43.68, 24.14, 20.0, 41.52, 43.68, 24.14, 20.0, 41.52, 43.68, 24.14, 20.0, 41.52, 43.68, 24.14, 20.0, 41.52, 43.68, 24.14, 20.0, 41.52, 43.68, 24.14, 20.0, 41.52, 43.68, 24.14, 20.0, 41.52, 43.68, 24.14, 20.0, 41.52, 43.68, 24.14, 20.0, 41.52, 43.68, 24.14, 20.0, 41.52, 43.68, 24.14, 20.0] | Shifted: No
===== DOMAIN SHIFT AT ROUND 30 =====
New domain distribution:
  caltech: 3 clients
  amazon: 2 clients
  webcam: 2 clients
  dslr: 3 clients

Round 30 | Mean Acc: 32.52% | Domain Accs: [41.07, 43.16, 25.86, 20.0, 41.07, 43.16, 25.86, 20.0, 41.07, 43.16, 25.86, 20.0, 41.07, 43.16, 25.86, 20.0, 41.07, 43.16, 25.86, 20.0, 41.07, 43.16, 25.86, 20.0, 41.07, 43.16, 25.86, 20.0, 41.07, 43.16, 25.86, 20.0, 41.07, 43.16, 25.86, 20.0, 41.07, 43.16, 25.86, 20.0, 41.07, 43.16, 25.86, 20.0, 41.07, 43.16, 25.86, 20.0, 41.07, 43.16, 25.86, 20.0, 41.07, 43.16, 25.86, 20.0, 41.07, 43.16, 25.86, 20.0, 41.07, 43.16, 25.86, 20.0] | Shifted: Yes
Round 31 | Mean Acc: 31.83% | Domain Accs: [41.07, 42.11, 24.14, 20.0, 41.07, 42.11, 24.14, 20.0, 41.07, 42.11, 24.14, 20.0, 41.07, 42.11, 24.14, 20.0, 41.07, 42.11, 24.14, 20.0, 41.07, 42.11, 24.14, 20.0, 41.07, 42.11, 24.14, 20.0, 41.07, 42.11, 24.14, 20.0, 41.07, 42.11, 24.14, 20.0, 41.07, 42.11, 24.14, 20.0, 41.07, 42.11, 24.14, 20.0, 41.07, 42.11, 24.14, 20.0, 41.07, 42.11, 24.14, 20.0, 41.07, 42.11, 24.14, 20.0, 41.07, 42.11, 24.14, 20.0, 41.07, 42.11, 24.14, 20.0] | Shifted: No
Round 32 | Mean Acc: 32.07% | Domain Accs: [41.52, 42.63, 24.14, 20.0, 41.52, 42.63, 24.14, 20.0, 41.52, 42.63, 24.14, 20.0, 41.52, 42.63, 24.14, 20.0, 41.52, 42.63, 24.14, 20.0, 41.52, 42.63, 24.14, 20.0, 41.52, 42.63, 24.14, 20.0, 41.52, 42.63, 24.14, 20.0, 41.52, 42.63, 24.14, 20.0, 41.52, 42.63, 24.14, 20.0, 41.52, 42.63, 24.14, 20.0, 41.52, 42.63, 24.14, 20.0, 41.52, 42.63, 24.14, 20.0, 41.52, 42.63, 24.14, 20.0, 41.52, 42.63, 24.14, 20.0, 41.52, 42.63, 24.14, 20.0] | Shifted: No
Round 33 | Mean Acc: 32.20% | Domain Accs: [41.52, 43.16, 24.14, 20.0, 41.52, 43.16, 24.14, 20.0, 41.52, 43.16, 24.14, 20.0, 41.52, 43.16, 24.14, 20.0, 41.52, 43.16, 24.14, 20.0, 41.52, 43.16, 24.14, 20.0, 41.52, 43.16, 24.14, 20.0, 41.52, 43.16, 24.14, 20.0, 41.52, 43.16, 24.14, 20.0, 41.52, 43.16, 24.14, 20.0, 41.52, 43.16, 24.14, 20.0, 41.52, 43.16, 24.14, 20.0, 41.52, 43.16, 24.14, 20.0, 41.52, 43.16, 24.14, 20.0, 41.52, 43.16, 24.14, 20.0, 41.52, 43.16, 24.14, 20.0] | Shifted: No
Round 34 | Mean Acc: 32.07% | Domain Accs: [41.52, 42.63, 24.14, 20.0, 41.52, 42.63, 24.14, 20.0, 41.52, 42.63, 24.14, 20.0, 41.52, 42.63, 24.14, 20.0, 41.52, 42.63, 24.14, 20.0, 41.52, 42.63, 24.14, 20.0, 41.52, 42.63, 24.14, 20.0, 41.52, 42.63, 24.14, 20.0, 41.52, 42.63, 24.14, 20.0, 41.52, 42.63, 24.14, 20.0, 41.52, 42.63, 24.14, 20.0, 41.52, 42.63, 24.14, 20.0, 41.52, 42.63, 24.14, 20.0, 41.52, 42.63, 24.14, 20.0, 41.52, 42.63, 24.14, 20.0, 41.52, 42.63, 24.14, 20.0] | Shifted: No
===== DOMAIN SHIFT AT ROUND 35 =====
New domain distribution:
  caltech: 3 clients
  amazon: 1 clients
  webcam: 3 clients
  dslr: 3 clients

Round 35 | Mean Acc: 32.07% | Domain Accs: [41.52, 42.63, 24.14, 20.0, 41.52, 42.63, 24.14, 20.0, 41.52, 42.63, 24.14, 20.0, 41.52, 42.63, 24.14, 20.0, 41.52, 42.63, 24.14, 20.0, 41.52, 42.63, 24.14, 20.0, 41.52, 42.63, 24.14, 20.0, 41.52, 42.63, 24.14, 20.0, 41.52, 42.63, 24.14, 20.0, 41.52, 42.63, 24.14, 20.0, 41.52, 42.63, 24.14, 20.0, 41.52, 42.63, 24.14, 20.0, 41.52, 42.63, 24.14, 20.0, 41.52, 42.63, 24.14, 20.0, 41.52, 42.63, 24.14, 20.0, 41.52, 42.63, 24.14, 20.0] | Shifted: Yes
Round 36 | Mean Acc: 32.20% | Domain Accs: [41.52, 43.16, 24.14, 20.0, 41.52, 43.16, 24.14, 20.0, 41.52, 43.16, 24.14, 20.0, 41.52, 43.16, 24.14, 20.0, 41.52, 43.16, 24.14, 20.0, 41.52, 43.16, 24.14, 20.0, 41.52, 43.16, 24.14, 20.0, 41.52, 43.16, 24.14, 20.0, 41.52, 43.16, 24.14, 20.0, 41.52, 43.16, 24.14, 20.0, 41.52, 43.16, 24.14, 20.0, 41.52, 43.16, 24.14, 20.0, 41.52, 43.16, 24.14, 20.0, 41.52, 43.16, 24.14, 20.0, 41.52, 43.16, 24.14, 20.0, 41.52, 43.16, 24.14, 20.0] | Shifted: No
Round 37 | Mean Acc: 32.74% | Domain Accs: [41.96, 43.16, 25.86, 20.0, 41.96, 43.16, 25.86, 20.0, 41.96, 43.16, 25.86, 20.0, 41.96, 43.16, 25.86, 20.0, 41.96, 43.16, 25.86, 20.0, 41.96, 43.16, 25.86, 20.0, 41.96, 43.16, 25.86, 20.0, 41.96, 43.16, 25.86, 20.0, 41.96, 43.16, 25.86, 20.0, 41.96, 43.16, 25.86, 20.0, 41.96, 43.16, 25.86, 20.0, 41.96, 43.16, 25.86, 20.0, 41.96, 43.16, 25.86, 20.0, 41.96, 43.16, 25.86, 20.0, 41.96, 43.16, 25.86, 20.0, 41.96, 43.16, 25.86, 20.0] | Shifted: No
Round 38 | Mean Acc: 32.63% | Domain Accs: [41.52, 43.16, 25.86, 20.0, 41.52, 43.16, 25.86, 20.0, 41.52, 43.16, 25.86, 20.0, 41.52, 43.16, 25.86, 20.0, 41.52, 43.16, 25.86, 20.0, 41.52, 43.16, 25.86, 20.0, 41.52, 43.16, 25.86, 20.0, 41.52, 43.16, 25.86, 20.0, 41.52, 43.16, 25.86, 20.0, 41.52, 43.16, 25.86, 20.0, 41.52, 43.16, 25.86, 20.0, 41.52, 43.16, 25.86, 20.0, 41.52, 43.16, 25.86, 20.0, 41.52, 43.16, 25.86, 20.0, 41.52, 43.16, 25.86, 20.0, 41.52, 43.16, 25.86, 20.0] | Shifted: No
Round 39 | Mean Acc: 32.45% | Domain Accs: [41.96, 43.68, 24.14, 20.0, 41.96, 43.68, 24.14, 20.0, 41.96, 43.68, 24.14, 20.0, 41.96, 43.68, 24.14, 20.0, 41.96, 43.68, 24.14, 20.0, 41.96, 43.68, 24.14, 20.0, 41.96, 43.68, 24.14, 20.0, 41.96, 43.68, 24.14, 20.0, 41.96, 43.68, 24.14, 20.0, 41.96, 43.68, 24.14, 20.0, 41.96, 43.68, 24.14, 20.0, 41.96, 43.68, 24.14, 20.0, 41.96, 43.68, 24.14, 20.0, 41.96, 43.68, 24.14, 20.0, 41.96, 43.68, 24.14, 20.0, 41.96, 43.68, 24.14, 20.0] | Shifted: No
===== DOMAIN SHIFT AT ROUND 40 =====
New domain distribution:
  caltech: 3 clients
  amazon: 0 clients
  webcam: 5 clients
  dslr: 2 clients

Round 40 | Mean Acc: 32.56% | Domain Accs: [42.41, 43.68, 24.14, 20.0, 42.41, 43.68, 24.14, 20.0, 42.41, 43.68, 24.14, 20.0, 42.41, 43.68, 24.14, 20.0, 42.41, 43.68, 24.14, 20.0, 42.41, 43.68, 24.14, 20.0, 42.41, 43.68, 24.14, 20.0, 42.41, 43.68, 24.14, 20.0, 42.41, 43.68, 24.14, 20.0, 42.41, 43.68, 24.14, 20.0, 42.41, 43.68, 24.14, 20.0, 42.41, 43.68, 24.14, 20.0, 42.41, 43.68, 24.14, 20.0, 42.41, 43.68, 24.14, 20.0, 42.41, 43.68, 24.14, 20.0, 42.41, 43.68, 24.14, 20.0] | Shifted: Yes
Round 41 | Mean Acc: 31.94% | Domain Accs: [41.52, 42.11, 24.14, 20.0, 41.52, 42.11, 24.14, 20.0, 41.52, 42.11, 24.14, 20.0, 41.52, 42.11, 24.14, 20.0, 41.52, 42.11, 24.14, 20.0, 41.52, 42.11, 24.14, 20.0, 41.52, 42.11, 24.14, 20.0, 41.52, 42.11, 24.14, 20.0, 41.52, 42.11, 24.14, 20.0, 41.52, 42.11, 24.14, 20.0, 41.52, 42.11, 24.14, 20.0, 41.52, 42.11, 24.14, 20.0, 41.52, 42.11, 24.14, 20.0, 41.52, 42.11, 24.14, 20.0, 41.52, 42.11, 24.14, 20.0, 41.52, 42.11, 24.14, 20.0] | Shifted: No
Round 42 | Mean Acc: 31.46% | Domain Accs: [42.41, 42.63, 24.14, 16.67, 42.41, 42.63, 24.14, 16.67, 42.41, 42.63, 24.14, 16.67, 42.41, 42.63, 24.14, 16.67, 42.41, 42.63, 24.14, 16.67, 42.41, 42.63, 24.14, 16.67, 42.41, 42.63, 24.14, 16.67, 42.41, 42.63, 24.14, 16.67, 42.41, 42.63, 24.14, 16.67, 42.41, 42.63, 24.14, 16.67, 42.41, 42.63, 24.14, 16.67, 42.41, 42.63, 24.14, 16.67, 42.41, 42.63, 24.14, 16.67, 42.41, 42.63, 24.14, 16.67, 42.41, 42.63, 24.14, 16.67, 42.41, 42.63, 24.14, 16.67] | Shifted: No
Round 43 | Mean Acc: 32.43% | Domain Accs: [42.41, 43.16, 24.14, 20.0, 42.41, 43.16, 24.14, 20.0, 42.41, 43.16, 24.14, 20.0, 42.41, 43.16, 24.14, 20.0, 42.41, 43.16, 24.14, 20.0, 42.41, 43.16, 24.14, 20.0, 42.41, 43.16, 24.14, 20.0, 42.41, 43.16, 24.14, 20.0, 42.41, 43.16, 24.14, 20.0, 42.41, 43.16, 24.14, 20.0, 42.41, 43.16, 24.14, 20.0, 42.41, 43.16, 24.14, 20.0, 42.41, 43.16, 24.14, 20.0, 42.41, 43.16, 24.14, 20.0, 42.41, 43.16, 24.14, 20.0, 42.41, 43.16, 24.14, 20.0] | Shifted: No
Round 44 | Mean Acc: 32.01% | Domain Accs: [41.96, 43.68, 22.41, 20.0, 41.96, 43.68, 22.41, 20.0, 41.96, 43.68, 22.41, 20.0, 41.96, 43.68, 22.41, 20.0, 41.96, 43.68, 22.41, 20.0, 41.96, 43.68, 22.41, 20.0, 41.96, 43.68, 22.41, 20.0, 41.96, 43.68, 22.41, 20.0, 41.96, 43.68, 22.41, 20.0, 41.96, 43.68, 22.41, 20.0, 41.96, 43.68, 22.41, 20.0, 41.96, 43.68, 22.41, 20.0, 41.96, 43.68, 22.41, 20.0, 41.96, 43.68, 22.41, 20.0, 41.96, 43.68, 22.41, 20.0, 41.96, 43.68, 22.41, 20.0] | Shifted: No
===== DOMAIN SHIFT AT ROUND 45 =====
New domain distribution:
  caltech: 2 clients
  amazon: 2 clients
  webcam: 3 clients
  dslr: 3 clients

Round 45 | Mean Acc: 32.61% | Domain Accs: [41.96, 42.63, 25.86, 20.0, 41.96, 42.63, 25.86, 20.0, 41.96, 42.63, 25.86, 20.0, 41.96, 42.63, 25.86, 20.0, 41.96, 42.63, 25.86, 20.0, 41.96, 42.63, 25.86, 20.0, 41.96, 42.63, 25.86, 20.0, 41.96, 42.63, 25.86, 20.0, 41.96, 42.63, 25.86, 20.0, 41.96, 42.63, 25.86, 20.0, 41.96, 42.63, 25.86, 20.0, 41.96, 42.63, 25.86, 20.0, 41.96, 42.63, 25.86, 20.0, 41.96, 42.63, 25.86, 20.0, 41.96, 42.63, 25.86, 20.0, 41.96, 42.63, 25.86, 20.0] | Shifted: Yes
Round 46 | Mean Acc: 33.15% | Domain Accs: [41.96, 43.16, 24.14, 23.33, 41.96, 43.16, 24.14, 23.33, 41.96, 43.16, 24.14, 23.33, 41.96, 43.16, 24.14, 23.33, 41.96, 43.16, 24.14, 23.33, 41.96, 43.16, 24.14, 23.33, 41.96, 43.16, 24.14, 23.33, 41.96, 43.16, 24.14, 23.33, 41.96, 43.16, 24.14, 23.33, 41.96, 43.16, 24.14, 23.33, 41.96, 43.16, 24.14, 23.33, 41.96, 43.16, 24.14, 23.33, 41.96, 43.16, 24.14, 23.33, 41.96, 43.16, 24.14, 23.33, 41.96, 43.16, 24.14, 23.33, 41.96, 43.16, 24.14, 23.33] | Shifted: No
  ★ New best accuracy: 33.15%
Round 47 | Mean Acc: 34.38% | Domain Accs: [44.2, 42.63, 20.69, 30.0, 44.2, 42.63, 20.69, 30.0, 44.2, 42.63, 20.69, 30.0, 44.2, 42.63, 20.69, 30.0, 44.2, 42.63, 20.69, 30.0, 44.2, 42.63, 20.69, 30.0, 44.2, 42.63, 20.69, 30.0, 44.2, 42.63, 20.69, 30.0, 44.2, 42.63, 20.69, 30.0, 44.2, 42.63, 20.69, 30.0, 44.2, 42.63, 20.69, 30.0, 44.2, 42.63, 20.69, 30.0, 44.2, 42.63, 20.69, 30.0, 44.2, 42.63, 20.69, 30.0, 44.2, 42.63, 20.69, 30.0, 44.2, 42.63, 20.69, 30.0] | Shifted: No
  ★ New best accuracy: 34.38%
Round 48 | Mean Acc: 29.67% | Domain Accs: [41.96, 39.47, 17.24, 20.0, 41.96, 39.47, 17.24, 20.0, 41.96, 39.47, 17.24, 20.0, 41.96, 39.47, 17.24, 20.0, 41.96, 39.47, 17.24, 20.0, 41.96, 39.47, 17.24, 20.0, 41.96, 39.47, 17.24, 20.0, 41.96, 39.47, 17.24, 20.0, 41.96, 39.47, 17.24, 20.0, 41.96, 39.47, 17.24, 20.0, 41.96, 39.47, 17.24, 20.0, 41.96, 39.47, 17.24, 20.0, 41.96, 39.47, 17.24, 20.0, 41.96, 39.47, 17.24, 20.0, 41.96, 39.47, 17.24, 20.0, 41.96, 39.47, 17.24, 20.0] | Shifted: No
Round 49 | Mean Acc: 25.82% | Domain Accs: [32.59, 30.0, 20.69, 20.0, 32.59, 30.0, 20.69, 20.0, 32.59, 30.0, 20.69, 20.0, 32.59, 30.0, 20.69, 20.0, 32.59, 30.0, 20.69, 20.0, 32.59, 30.0, 20.69, 20.0, 32.59, 30.0, 20.69, 20.0, 32.59, 30.0, 20.69, 20.0, 32.59, 30.0, 20.69, 20.0, 32.59, 30.0, 20.69, 20.0, 32.59, 30.0, 20.69, 20.0, 32.59, 30.0, 20.69, 20.0, 32.59, 30.0, 20.69, 20.0, 32.59, 30.0, 20.69, 20.0, 32.59, 30.0, 20.69, 20.0, 32.59, 30.0, 20.69, 20.0] | Shifted: No
===== DOMAIN SHIFT AT ROUND 50 =====
New domain distribution:
  caltech: 5 clients
  amazon: 2 clients
  webcam: 2 clients
  dslr: 1 clients

Round 50 | Mean Acc: 32.45% | Domain Accs: [41.52, 41.05, 17.24, 30.0, 41.52, 41.05, 17.24, 30.0, 41.52, 41.05, 17.24, 30.0, 41.52, 41.05, 17.24, 30.0, 41.52, 41.05, 17.24, 30.0, 41.52, 41.05, 17.24, 30.0, 41.52, 41.05, 17.24, 30.0, 41.52, 41.05, 17.24, 30.0, 41.52, 41.05, 17.24, 30.0, 41.52, 41.05, 17.24, 30.0, 41.52, 41.05, 17.24, 30.0, 41.52, 41.05, 17.24, 30.0, 41.52, 41.05, 17.24, 30.0, 41.52, 41.05, 17.24, 30.0, 41.52, 41.05, 17.24, 30.0, 41.52, 41.05, 17.24, 30.0] | Shifted: Yes
Round 51 | Mean Acc: 32.71% | Domain Accs: [41.96, 44.74, 24.14, 20.0, 41.96, 44.74, 24.14, 20.0, 41.96, 44.74, 24.14, 20.0, 41.96, 44.74, 24.14, 20.0, 41.96, 44.74, 24.14, 20.0, 41.96, 44.74, 24.14, 20.0, 41.96, 44.74, 24.14, 20.0, 41.96, 44.74, 24.14, 20.0, 41.96, 44.74, 24.14, 20.0, 41.96, 44.74, 24.14, 20.0, 41.96, 44.74, 24.14, 20.0, 41.96, 44.74, 24.14, 20.0, 41.96, 44.74, 24.14, 20.0, 41.96, 44.74, 24.14, 20.0, 41.96, 44.74, 24.14, 20.0, 41.96, 44.74, 24.14, 20.0] | Shifted: No
Round 52 | Mean Acc: 30.75% | Domain Accs: [40.62, 41.58, 24.14, 16.67, 40.62, 41.58, 24.14, 16.67, 40.62, 41.58, 24.14, 16.67, 40.62, 41.58, 24.14, 16.67, 40.62, 41.58, 24.14, 16.67, 40.62, 41.58, 24.14, 16.67, 40.62, 41.58, 24.14, 16.67, 40.62, 41.58, 24.14, 16.67, 40.62, 41.58, 24.14, 16.67, 40.62, 41.58, 24.14, 16.67, 40.62, 41.58, 24.14, 16.67, 40.62, 41.58, 24.14, 16.67, 40.62, 41.58, 24.14, 16.67, 40.62, 41.58, 24.14, 16.67, 40.62, 41.58, 24.14, 16.67, 40.62, 41.58, 24.14, 16.67] | Shifted: No
Round 53 | Mean Acc: 34.13% | Domain Accs: [41.52, 44.21, 24.14, 26.67, 41.52, 44.21, 24.14, 26.67, 41.52, 44.21, 24.14, 26.67, 41.52, 44.21, 24.14, 26.67, 41.52, 44.21, 24.14, 26.67, 41.52, 44.21, 24.14, 26.67, 41.52, 44.21, 24.14, 26.67, 41.52, 44.21, 24.14, 26.67, 41.52, 44.21, 24.14, 26.67, 41.52, 44.21, 24.14, 26.67, 41.52, 44.21, 24.14, 26.67, 41.52, 44.21, 24.14, 26.67, 41.52, 44.21, 24.14, 26.67, 41.52, 44.21, 24.14, 26.67, 41.52, 44.21, 24.14, 26.67, 41.52, 44.21, 24.14, 26.67] | Shifted: No
Round 54 | Mean Acc: 33.78% | Domain Accs: [40.62, 43.68, 24.14, 26.67, 40.62, 43.68, 24.14, 26.67, 40.62, 43.68, 24.14, 26.67, 40.62, 43.68, 24.14, 26.67, 40.62, 43.68, 24.14, 26.67, 40.62, 43.68, 24.14, 26.67, 40.62, 43.68, 24.14, 26.67, 40.62, 43.68, 24.14, 26.67, 40.62, 43.68, 24.14, 26.67, 40.62, 43.68, 24.14, 26.67, 40.62, 43.68, 24.14, 26.67, 40.62, 43.68, 24.14, 26.67, 40.62, 43.68, 24.14, 26.67, 40.62, 43.68, 24.14, 26.67, 40.62, 43.68, 24.14, 26.67, 40.62, 43.68, 24.14, 26.67] | Shifted: No
===== DOMAIN SHIFT AT ROUND 55 =====
New domain distribution:
  caltech: 4 clients
  amazon: 2 clients
  webcam: 1 clients
  dslr: 3 clients

Round 55 | Mean Acc: 32.35% | Domain Accs: [40.62, 43.16, 18.97, 26.67, 40.62, 43.16, 18.97, 26.67, 40.62, 43.16, 18.97, 26.67, 40.62, 43.16, 18.97, 26.67, 40.62, 43.16, 18.97, 26.67, 40.62, 43.16, 18.97, 26.67, 40.62, 43.16, 18.97, 26.67, 40.62, 43.16, 18.97, 26.67, 40.62, 43.16, 18.97, 26.67, 40.62, 43.16, 18.97, 26.67, 40.62, 43.16, 18.97, 26.67, 40.62, 43.16, 18.97, 26.67, 40.62, 43.16, 18.97, 26.67, 40.62, 43.16, 18.97, 26.67, 40.62, 43.16, 18.97, 26.67, 40.62, 43.16, 18.97, 26.67] | Shifted: Yes
Round 56 | Mean Acc: 33.91% | Domain Accs: [40.62, 42.63, 22.41, 30.0, 40.62, 42.63, 22.41, 30.0, 40.62, 42.63, 22.41, 30.0, 40.62, 42.63, 22.41, 30.0, 40.62, 42.63, 22.41, 30.0, 40.62, 42.63, 22.41, 30.0, 40.62, 42.63, 22.41, 30.0, 40.62, 42.63, 22.41, 30.0, 40.62, 42.63, 22.41, 30.0, 40.62, 42.63, 22.41, 30.0, 40.62, 42.63, 22.41, 30.0, 40.62, 42.63, 22.41, 30.0, 40.62, 42.63, 22.41, 30.0, 40.62, 42.63, 22.41, 30.0, 40.62, 42.63, 22.41, 30.0, 40.62, 42.63, 22.41, 30.0] | Shifted: No
Round 57 | Mean Acc: 33.90% | Domain Accs: [41.07, 42.11, 22.41, 30.0, 41.07, 42.11, 22.41, 30.0, 41.07, 42.11, 22.41, 30.0, 41.07, 42.11, 22.41, 30.0, 41.07, 42.11, 22.41, 30.0, 41.07, 42.11, 22.41, 30.0, 41.07, 42.11, 22.41, 30.0, 41.07, 42.11, 22.41, 30.0, 41.07, 42.11, 22.41, 30.0, 41.07, 42.11, 22.41, 30.0, 41.07, 42.11, 22.41, 30.0, 41.07, 42.11, 22.41, 30.0, 41.07, 42.11, 22.41, 30.0, 41.07, 42.11, 22.41, 30.0, 41.07, 42.11, 22.41, 30.0, 41.07, 42.11, 22.41, 30.0] | Shifted: No
Round 58 | Mean Acc: 34.40% | Domain Accs: [41.52, 43.68, 22.41, 30.0, 41.52, 43.68, 22.41, 30.0, 41.52, 43.68, 22.41, 30.0, 41.52, 43.68, 22.41, 30.0, 41.52, 43.68, 22.41, 30.0, 41.52, 43.68, 22.41, 30.0, 41.52, 43.68, 22.41, 30.0, 41.52, 43.68, 22.41, 30.0, 41.52, 43.68, 22.41, 30.0, 41.52, 43.68, 22.41, 30.0, 41.52, 43.68, 22.41, 30.0, 41.52, 43.68, 22.41, 30.0, 41.52, 43.68, 22.41, 30.0, 41.52, 43.68, 22.41, 30.0, 41.52, 43.68, 22.41, 30.0, 41.52, 43.68, 22.41, 30.0] | Shifted: No
  ★ New best accuracy: 34.40%
Round 59 | Mean Acc: 34.14% | Domain Accs: [41.52, 42.63, 22.41, 30.0, 41.52, 42.63, 22.41, 30.0, 41.52, 42.63, 22.41, 30.0, 41.52, 42.63, 22.41, 30.0, 41.52, 42.63, 22.41, 30.0, 41.52, 42.63, 22.41, 30.0, 41.52, 42.63, 22.41, 30.0, 41.52, 42.63, 22.41, 30.0, 41.52, 42.63, 22.41, 30.0, 41.52, 42.63, 22.41, 30.0, 41.52, 42.63, 22.41, 30.0, 41.52, 42.63, 22.41, 30.0, 41.52, 42.63, 22.41, 30.0, 41.52, 42.63, 22.41, 30.0, 41.52, 42.63, 22.41, 30.0, 41.52, 42.63, 22.41, 30.0] | Shifted: No
===== DOMAIN SHIFT AT ROUND 60 =====
New domain distribution:
  caltech: 4 clients
  amazon: 2 clients
  webcam: 2 clients
  dslr: 2 clients

Round 60 | Mean Acc: 33.33% | Domain Accs: [41.07, 43.16, 22.41, 26.67, 41.07, 43.16, 22.41, 26.67, 41.07, 43.16, 22.41, 26.67, 41.07, 43.16, 22.41, 26.67, 41.07, 43.16, 22.41, 26.67, 41.07, 43.16, 22.41, 26.67, 41.07, 43.16, 22.41, 26.67, 41.07, 43.16, 22.41, 26.67, 41.07, 43.16, 22.41, 26.67, 41.07, 43.16, 22.41, 26.67, 41.07, 43.16, 22.41, 26.67, 41.07, 43.16, 22.41, 26.67, 41.07, 43.16, 22.41, 26.67, 41.07, 43.16, 22.41, 26.67, 41.07, 43.16, 22.41, 26.67, 41.07, 43.16, 22.41, 26.67] | Shifted: Yes
Round 61 | Mean Acc: 33.87% | Domain Accs: [41.52, 43.16, 24.14, 26.67, 41.52, 43.16, 24.14, 26.67, 41.52, 43.16, 24.14, 26.67, 41.52, 43.16, 24.14, 26.67, 41.52, 43.16, 24.14, 26.67, 41.52, 43.16, 24.14, 26.67, 41.52, 43.16, 24.14, 26.67, 41.52, 43.16, 24.14, 26.67, 41.52, 43.16, 24.14, 26.67, 41.52, 43.16, 24.14, 26.67, 41.52, 43.16, 24.14, 26.67, 41.52, 43.16, 24.14, 26.67, 41.52, 43.16, 24.14, 26.67, 41.52, 43.16, 24.14, 26.67, 41.52, 43.16, 24.14, 26.67, 41.52, 43.16, 24.14, 26.67] | Shifted: No
Round 62 | Mean Acc: 34.89% | Domain Accs: [41.07, 42.63, 25.86, 30.0, 41.07, 42.63, 25.86, 30.0, 41.07, 42.63, 25.86, 30.0, 41.07, 42.63, 25.86, 30.0, 41.07, 42.63, 25.86, 30.0, 41.07, 42.63, 25.86, 30.0, 41.07, 42.63, 25.86, 30.0, 41.07, 42.63, 25.86, 30.0, 41.07, 42.63, 25.86, 30.0, 41.07, 42.63, 25.86, 30.0, 41.07, 42.63, 25.86, 30.0, 41.07, 42.63, 25.86, 30.0, 41.07, 42.63, 25.86, 30.0, 41.07, 42.63, 25.86, 30.0, 41.07, 42.63, 25.86, 30.0, 41.07, 42.63, 25.86, 30.0] | Shifted: No
  ★ New best accuracy: 34.89%
Round 63 | Mean Acc: 34.59% | Domain Accs: [41.07, 43.16, 24.14, 30.0, 41.07, 43.16, 24.14, 30.0, 41.07, 43.16, 24.14, 30.0, 41.07, 43.16, 24.14, 30.0, 41.07, 43.16, 24.14, 30.0, 41.07, 43.16, 24.14, 30.0, 41.07, 43.16, 24.14, 30.0, 41.07, 43.16, 24.14, 30.0, 41.07, 43.16, 24.14, 30.0, 41.07, 43.16, 24.14, 30.0, 41.07, 43.16, 24.14, 30.0, 41.07, 43.16, 24.14, 30.0, 41.07, 43.16, 24.14, 30.0, 41.07, 43.16, 24.14, 30.0, 41.07, 43.16, 24.14, 30.0, 41.07, 43.16, 24.14, 30.0] | Shifted: No
Round 64 | Mean Acc: 34.59% | Domain Accs: [41.07, 43.16, 24.14, 30.0, 41.07, 43.16, 24.14, 30.0, 41.07, 43.16, 24.14, 30.0, 41.07, 43.16, 24.14, 30.0, 41.07, 43.16, 24.14, 30.0, 41.07, 43.16, 24.14, 30.0, 41.07, 43.16, 24.14, 30.0, 41.07, 43.16, 24.14, 30.0, 41.07, 43.16, 24.14, 30.0, 41.07, 43.16, 24.14, 30.0, 41.07, 43.16, 24.14, 30.0, 41.07, 43.16, 24.14, 30.0, 41.07, 43.16, 24.14, 30.0, 41.07, 43.16, 24.14, 30.0, 41.07, 43.16, 24.14, 30.0, 41.07, 43.16, 24.14, 30.0] | Shifted: No
===== DOMAIN SHIFT AT ROUND 65 =====
New domain distribution:
  caltech: 4 clients
  amazon: 2 clients
  webcam: 3 clients
  dslr: 1 clients

Round 65 | Mean Acc: 34.59% | Domain Accs: [41.07, 43.16, 24.14, 30.0, 41.07, 43.16, 24.14, 30.0, 41.07, 43.16, 24.14, 30.0, 41.07, 43.16, 24.14, 30.0, 41.07, 43.16, 24.14, 30.0, 41.07, 43.16, 24.14, 30.0, 41.07, 43.16, 24.14, 30.0, 41.07, 43.16, 24.14, 30.0, 41.07, 43.16, 24.14, 30.0, 41.07, 43.16, 24.14, 30.0, 41.07, 43.16, 24.14, 30.0, 41.07, 43.16, 24.14, 30.0, 41.07, 43.16, 24.14, 30.0, 41.07, 43.16, 24.14, 30.0, 41.07, 43.16, 24.14, 30.0, 41.07, 43.16, 24.14, 30.0] | Shifted: Yes
Round 66 | Mean Acc: 34.05% | Domain Accs: [40.62, 43.16, 22.41, 30.0, 40.62, 43.16, 22.41, 30.0, 40.62, 43.16, 22.41, 30.0, 40.62, 43.16, 22.41, 30.0, 40.62, 43.16, 22.41, 30.0, 40.62, 43.16, 22.41, 30.0, 40.62, 43.16, 22.41, 30.0, 40.62, 43.16, 22.41, 30.0, 40.62, 43.16, 22.41, 30.0, 40.62, 43.16, 22.41, 30.0, 40.62, 43.16, 22.41, 30.0, 40.62, 43.16, 22.41, 30.0, 40.62, 43.16, 22.41, 30.0, 40.62, 43.16, 22.41, 30.0, 40.62, 43.16, 22.41, 30.0, 40.62, 43.16, 22.41, 30.0] | Shifted: No
Round 67 | Mean Acc: 33.20% | Domain Accs: [41.07, 42.63, 22.41, 26.67, 41.07, 42.63, 22.41, 26.67, 41.07, 42.63, 22.41, 26.67, 41.07, 42.63, 22.41, 26.67, 41.07, 42.63, 22.41, 26.67, 41.07, 42.63, 22.41, 26.67, 41.07, 42.63, 22.41, 26.67, 41.07, 42.63, 22.41, 26.67, 41.07, 42.63, 22.41, 26.67, 41.07, 42.63, 22.41, 26.67, 41.07, 42.63, 22.41, 26.67, 41.07, 42.63, 22.41, 26.67, 41.07, 42.63, 22.41, 26.67, 41.07, 42.63, 22.41, 26.67, 41.07, 42.63, 22.41, 26.67, 41.07, 42.63, 22.41, 26.67] | Shifted: No
Round 68 | Mean Acc: 33.74% | Domain Accs: [41.52, 42.63, 24.14, 26.67, 41.52, 42.63, 24.14, 26.67, 41.52, 42.63, 24.14, 26.67, 41.52, 42.63, 24.14, 26.67, 41.52, 42.63, 24.14, 26.67, 41.52, 42.63, 24.14, 26.67, 41.52, 42.63, 24.14, 26.67, 41.52, 42.63, 24.14, 26.67, 41.52, 42.63, 24.14, 26.67, 41.52, 42.63, 24.14, 26.67, 41.52, 42.63, 24.14, 26.67, 41.52, 42.63, 24.14, 26.67, 41.52, 42.63, 24.14, 26.67, 41.52, 42.63, 24.14, 26.67, 41.52, 42.63, 24.14, 26.67, 41.52, 42.63, 24.14, 26.67] | Shifted: No
Round 69 | Mean Acc: 32.08% | Domain Accs: [41.52, 41.05, 22.41, 23.33, 41.52, 41.05, 22.41, 23.33, 41.52, 41.05, 22.41, 23.33, 41.52, 41.05, 22.41, 23.33, 41.52, 41.05, 22.41, 23.33, 41.52, 41.05, 22.41, 23.33, 41.52, 41.05, 22.41, 23.33, 41.52, 41.05, 22.41, 23.33, 41.52, 41.05, 22.41, 23.33, 41.52, 41.05, 22.41, 23.33, 41.52, 41.05, 22.41, 23.33, 41.52, 41.05, 22.41, 23.33, 41.52, 41.05, 22.41, 23.33, 41.52, 41.05, 22.41, 23.33, 41.52, 41.05, 22.41, 23.33, 41.52, 41.05, 22.41, 23.33] | Shifted: No
===== DOMAIN SHIFT AT ROUND 70 =====
New domain distribution:
  caltech: 4 clients
  amazon: 4 clients
  webcam: 1 clients
  dslr: 1 clients

Round 70 | Mean Acc: 33.55% | Domain Accs: [41.96, 43.16, 22.41, 26.67, 41.96, 43.16, 22.41, 26.67, 41.96, 43.16, 22.41, 26.67, 41.96, 43.16, 22.41, 26.67, 41.96, 43.16, 22.41, 26.67, 41.96, 43.16, 22.41, 26.67, 41.96, 43.16, 22.41, 26.67, 41.96, 43.16, 22.41, 26.67, 41.96, 43.16, 22.41, 26.67, 41.96, 43.16, 22.41, 26.67, 41.96, 43.16, 22.41, 26.67, 41.96, 43.16, 22.41, 26.67, 41.96, 43.16, 22.41, 26.67, 41.96, 43.16, 22.41, 26.67, 41.96, 43.16, 22.41, 26.67, 41.96, 43.16, 22.41, 26.67] | Shifted: Yes
Round 71 | Mean Acc: 33.53% | Domain Accs: [42.41, 42.63, 22.41, 26.67, 42.41, 42.63, 22.41, 26.67, 42.41, 42.63, 22.41, 26.67, 42.41, 42.63, 22.41, 26.67, 42.41, 42.63, 22.41, 26.67, 42.41, 42.63, 22.41, 26.67, 42.41, 42.63, 22.41, 26.67, 42.41, 42.63, 22.41, 26.67, 42.41, 42.63, 22.41, 26.67, 42.41, 42.63, 22.41, 26.67, 42.41, 42.63, 22.41, 26.67, 42.41, 42.63, 22.41, 26.67, 42.41, 42.63, 22.41, 26.67, 42.41, 42.63, 22.41, 26.67, 42.41, 42.63, 22.41, 26.67, 42.41, 42.63, 22.41, 26.67] | Shifted: No
Round 72 | Mean Acc: 33.96% | Domain Accs: [42.41, 42.63, 24.14, 26.67, 42.41, 42.63, 24.14, 26.67, 42.41, 42.63, 24.14, 26.67, 42.41, 42.63, 24.14, 26.67, 42.41, 42.63, 24.14, 26.67, 42.41, 42.63, 24.14, 26.67, 42.41, 42.63, 24.14, 26.67, 42.41, 42.63, 24.14, 26.67, 42.41, 42.63, 24.14, 26.67, 42.41, 42.63, 24.14, 26.67, 42.41, 42.63, 24.14, 26.67, 42.41, 42.63, 24.14, 26.67, 42.41, 42.63, 24.14, 26.67, 42.41, 42.63, 24.14, 26.67, 42.41, 42.63, 24.14, 26.67, 42.41, 42.63, 24.14, 26.67] | Shifted: No
Round 73 | Mean Acc: 34.28% | Domain Accs: [41.96, 42.63, 25.86, 26.67, 41.96, 42.63, 25.86, 26.67, 41.96, 42.63, 25.86, 26.67, 41.96, 42.63, 25.86, 26.67, 41.96, 42.63, 25.86, 26.67, 41.96, 42.63, 25.86, 26.67, 41.96, 42.63, 25.86, 26.67, 41.96, 42.63, 25.86, 26.67, 41.96, 42.63, 25.86, 26.67, 41.96, 42.63, 25.86, 26.67, 41.96, 42.63, 25.86, 26.67, 41.96, 42.63, 25.86, 26.67, 41.96, 42.63, 25.86, 26.67, 41.96, 42.63, 25.86, 26.67, 41.96, 42.63, 25.86, 26.67, 41.96, 42.63, 25.86, 26.67] | Shifted: No
Round 74 | Mean Acc: 33.96% | Domain Accs: [42.41, 42.63, 24.14, 26.67, 42.41, 42.63, 24.14, 26.67, 42.41, 42.63, 24.14, 26.67, 42.41, 42.63, 24.14, 26.67, 42.41, 42.63, 24.14, 26.67, 42.41, 42.63, 24.14, 26.67, 42.41, 42.63, 24.14, 26.67, 42.41, 42.63, 24.14, 26.67, 42.41, 42.63, 24.14, 26.67, 42.41, 42.63, 24.14, 26.67, 42.41, 42.63, 24.14, 26.67, 42.41, 42.63, 24.14, 26.67, 42.41, 42.63, 24.14, 26.67, 42.41, 42.63, 24.14, 26.67, 42.41, 42.63, 24.14, 26.67, 42.41, 42.63, 24.14, 26.67] | Shifted: No
===== DOMAIN SHIFT AT ROUND 75 =====
New domain distribution:
  caltech: 7 clients
  amazon: 2 clients
  webcam: 0 clients
  dslr: 1 clients

Round 75 | Mean Acc: 33.96% | Domain Accs: [42.41, 42.63, 24.14, 26.67, 42.41, 42.63, 24.14, 26.67, 42.41, 42.63, 24.14, 26.67, 42.41, 42.63, 24.14, 26.67, 42.41, 42.63, 24.14, 26.67, 42.41, 42.63, 24.14, 26.67, 42.41, 42.63, 24.14, 26.67, 42.41, 42.63, 24.14, 26.67, 42.41, 42.63, 24.14, 26.67, 42.41, 42.63, 24.14, 26.67, 42.41, 42.63, 24.14, 26.67, 42.41, 42.63, 24.14, 26.67, 42.41, 42.63, 24.14, 26.67, 42.41, 42.63, 24.14, 26.67, 42.41, 42.63, 24.14, 26.67, 42.41, 42.63, 24.14, 26.67] | Shifted: Yes
Round 76 | Mean Acc: 33.96% | Domain Accs: [42.41, 42.63, 24.14, 26.67, 42.41, 42.63, 24.14, 26.67, 42.41, 42.63, 24.14, 26.67, 42.41, 42.63, 24.14, 26.67, 42.41, 42.63, 24.14, 26.67, 42.41, 42.63, 24.14, 26.67, 42.41, 42.63, 24.14, 26.67, 42.41, 42.63, 24.14, 26.67, 42.41, 42.63, 24.14, 26.67, 42.41, 42.63, 24.14, 26.67, 42.41, 42.63, 24.14, 26.67, 42.41, 42.63, 24.14, 26.67, 42.41, 42.63, 24.14, 26.67, 42.41, 42.63, 24.14, 26.67, 42.41, 42.63, 24.14, 26.67, 42.41, 42.63, 24.14, 26.67] | Shifted: No
Round 77 | Mean Acc: 33.74% | Domain Accs: [41.52, 42.63, 24.14, 26.67, 41.52, 42.63, 24.14, 26.67, 41.52, 42.63, 24.14, 26.67, 41.52, 42.63, 24.14, 26.67, 41.52, 42.63, 24.14, 26.67, 41.52, 42.63, 24.14, 26.67, 41.52, 42.63, 24.14, 26.67, 41.52, 42.63, 24.14, 26.67, 41.52, 42.63, 24.14, 26.67, 41.52, 42.63, 24.14, 26.67, 41.52, 42.63, 24.14, 26.67, 41.52, 42.63, 24.14, 26.67, 41.52, 42.63, 24.14, 26.67, 41.52, 42.63, 24.14, 26.67, 41.52, 42.63, 24.14, 26.67, 41.52, 42.63, 24.14, 26.67] | Shifted: No
Round 78 | Mean Acc: 33.98% | Domain Accs: [41.96, 43.16, 24.14, 26.67, 41.96, 43.16, 24.14, 26.67, 41.96, 43.16, 24.14, 26.67, 41.96, 43.16, 24.14, 26.67, 41.96, 43.16, 24.14, 26.67, 41.96, 43.16, 24.14, 26.67, 41.96, 43.16, 24.14, 26.67, 41.96, 43.16, 24.14, 26.67, 41.96, 43.16, 24.14, 26.67, 41.96, 43.16, 24.14, 26.67, 41.96, 43.16, 24.14, 26.67, 41.96, 43.16, 24.14, 26.67, 41.96, 43.16, 24.14, 26.67, 41.96, 43.16, 24.14, 26.67, 41.96, 43.16, 24.14, 26.67, 41.96, 43.16, 24.14, 26.67] | Shifted: No
Round 79 | Mean Acc: 33.87% | Domain Accs: [41.52, 43.16, 24.14, 26.67, 41.52, 43.16, 24.14, 26.67, 41.52, 43.16, 24.14, 26.67, 41.52, 43.16, 24.14, 26.67, 41.52, 43.16, 24.14, 26.67, 41.52, 43.16, 24.14, 26.67, 41.52, 43.16, 24.14, 26.67, 41.52, 43.16, 24.14, 26.67, 41.52, 43.16, 24.14, 26.67, 41.52, 43.16, 24.14, 26.67, 41.52, 43.16, 24.14, 26.67, 41.52, 43.16, 24.14, 26.67, 41.52, 43.16, 24.14, 26.67, 41.52, 43.16, 24.14, 26.67, 41.52, 43.16, 24.14, 26.67, 41.52, 43.16, 24.14, 26.67] | Shifted: No
===== DOMAIN SHIFT AT ROUND 80 =====
New domain distribution:
  caltech: 4 clients
  amazon: 2 clients
  webcam: 2 clients
  dslr: 2 clients

Round 80 | Mean Acc: 33.98% | Domain Accs: [41.96, 43.16, 24.14, 26.67, 41.96, 43.16, 24.14, 26.67, 41.96, 43.16, 24.14, 26.67, 41.96, 43.16, 24.14, 26.67, 41.96, 43.16, 24.14, 26.67, 41.96, 43.16, 24.14, 26.67, 41.96, 43.16, 24.14, 26.67, 41.96, 43.16, 24.14, 26.67, 41.96, 43.16, 24.14, 26.67, 41.96, 43.16, 24.14, 26.67, 41.96, 43.16, 24.14, 26.67, 41.96, 43.16, 24.14, 26.67, 41.96, 43.16, 24.14, 26.67, 41.96, 43.16, 24.14, 26.67, 41.96, 43.16, 24.14, 26.67, 41.96, 43.16, 24.14, 26.67] | Shifted: Yes
Round 81 | Mean Acc: 33.87% | Domain Accs: [41.52, 43.16, 24.14, 26.67, 41.52, 43.16, 24.14, 26.67, 41.52, 43.16, 24.14, 26.67, 41.52, 43.16, 24.14, 26.67, 41.52, 43.16, 24.14, 26.67, 41.52, 43.16, 24.14, 26.67, 41.52, 43.16, 24.14, 26.67, 41.52, 43.16, 24.14, 26.67, 41.52, 43.16, 24.14, 26.67, 41.52, 43.16, 24.14, 26.67, 41.52, 43.16, 24.14, 26.67, 41.52, 43.16, 24.14, 26.67, 41.52, 43.16, 24.14, 26.67, 41.52, 43.16, 24.14, 26.67, 41.52, 43.16, 24.14, 26.67, 41.52, 43.16, 24.14, 26.67] | Shifted: No
Round 82 | Mean Acc: 34.64% | Domain Accs: [42.86, 43.16, 25.86, 26.67, 42.86, 43.16, 25.86, 26.67, 42.86, 43.16, 25.86, 26.67, 42.86, 43.16, 25.86, 26.67, 42.86, 43.16, 25.86, 26.67, 42.86, 43.16, 25.86, 26.67, 42.86, 43.16, 25.86, 26.67, 42.86, 43.16, 25.86, 26.67, 42.86, 43.16, 25.86, 26.67, 42.86, 43.16, 25.86, 26.67, 42.86, 43.16, 25.86, 26.67, 42.86, 43.16, 25.86, 26.67, 42.86, 43.16, 25.86, 26.67, 42.86, 43.16, 25.86, 26.67, 42.86, 43.16, 25.86, 26.67, 42.86, 43.16, 25.86, 26.67] | Shifted: No
Round 83 | Mean Acc: 34.17% | Domain Accs: [41.52, 42.63, 25.86, 26.67, 41.52, 42.63, 25.86, 26.67, 41.52, 42.63, 25.86, 26.67, 41.52, 42.63, 25.86, 26.67, 41.52, 42.63, 25.86, 26.67, 41.52, 42.63, 25.86, 26.67, 41.52, 42.63, 25.86, 26.67, 41.52, 42.63, 25.86, 26.67, 41.52, 42.63, 25.86, 26.67, 41.52, 42.63, 25.86, 26.67, 41.52, 42.63, 25.86, 26.67, 41.52, 42.63, 25.86, 26.67, 41.52, 42.63, 25.86, 26.67, 41.52, 42.63, 25.86, 26.67, 41.52, 42.63, 25.86, 26.67, 41.52, 42.63, 25.86, 26.67] | Shifted: No
Round 84 | Mean Acc: 34.17% | Domain Accs: [41.52, 42.63, 25.86, 26.67, 41.52, 42.63, 25.86, 26.67, 41.52, 42.63, 25.86, 26.67, 41.52, 42.63, 25.86, 26.67, 41.52, 42.63, 25.86, 26.67, 41.52, 42.63, 25.86, 26.67, 41.52, 42.63, 25.86, 26.67, 41.52, 42.63, 25.86, 26.67, 41.52, 42.63, 25.86, 26.67, 41.52, 42.63, 25.86, 26.67, 41.52, 42.63, 25.86, 26.67, 41.52, 42.63, 25.86, 26.67, 41.52, 42.63, 25.86, 26.67, 41.52, 42.63, 25.86, 26.67, 41.52, 42.63, 25.86, 26.67, 41.52, 42.63, 25.86, 26.67] | Shifted: No
===== DOMAIN SHIFT AT ROUND 85 =====
New domain distribution:
  caltech: 1 clients
  amazon: 3 clients
  webcam: 2 clients
  dslr: 4 clients

Round 85 | Mean Acc: 34.32% | Domain Accs: [41.07, 43.68, 25.86, 26.67, 41.07, 43.68, 25.86, 26.67, 41.07, 43.68, 25.86, 26.67, 41.07, 43.68, 25.86, 26.67, 41.07, 43.68, 25.86, 26.67, 41.07, 43.68, 25.86, 26.67, 41.07, 43.68, 25.86, 26.67, 41.07, 43.68, 25.86, 26.67, 41.07, 43.68, 25.86, 26.67, 41.07, 43.68, 25.86, 26.67, 41.07, 43.68, 25.86, 26.67, 41.07, 43.68, 25.86, 26.67, 41.07, 43.68, 25.86, 26.67, 41.07, 43.68, 25.86, 26.67, 41.07, 43.68, 25.86, 26.67, 41.07, 43.68, 25.86, 26.67] | Shifted: Yes
Round 86 | Mean Acc: 34.08% | Domain Accs: [40.62, 43.16, 25.86, 26.67, 40.62, 43.16, 25.86, 26.67, 40.62, 43.16, 25.86, 26.67, 40.62, 43.16, 25.86, 26.67, 40.62, 43.16, 25.86, 26.67, 40.62, 43.16, 25.86, 26.67, 40.62, 43.16, 25.86, 26.67, 40.62, 43.16, 25.86, 26.67, 40.62, 43.16, 25.86, 26.67, 40.62, 43.16, 25.86, 26.67, 40.62, 43.16, 25.86, 26.67, 40.62, 43.16, 25.86, 26.67, 40.62, 43.16, 25.86, 26.67, 40.62, 43.16, 25.86, 26.67, 40.62, 43.16, 25.86, 26.67, 40.62, 43.16, 25.86, 26.67] | Shifted: No
Round 87 | Mean Acc: 33.87% | Domain Accs: [41.52, 43.16, 24.14, 26.67, 41.52, 43.16, 24.14, 26.67, 41.52, 43.16, 24.14, 26.67, 41.52, 43.16, 24.14, 26.67, 41.52, 43.16, 24.14, 26.67, 41.52, 43.16, 24.14, 26.67, 41.52, 43.16, 24.14, 26.67, 41.52, 43.16, 24.14, 26.67, 41.52, 43.16, 24.14, 26.67, 41.52, 43.16, 24.14, 26.67, 41.52, 43.16, 24.14, 26.67, 41.52, 43.16, 24.14, 26.67, 41.52, 43.16, 24.14, 26.67, 41.52, 43.16, 24.14, 26.67, 41.52, 43.16, 24.14, 26.67, 41.52, 43.16, 24.14, 26.67] | Shifted: No
Round 88 | Mean Acc: 33.87% | Domain Accs: [41.52, 43.16, 24.14, 26.67, 41.52, 43.16, 24.14, 26.67, 41.52, 43.16, 24.14, 26.67, 41.52, 43.16, 24.14, 26.67, 41.52, 43.16, 24.14, 26.67, 41.52, 43.16, 24.14, 26.67, 41.52, 43.16, 24.14, 26.67, 41.52, 43.16, 24.14, 26.67, 41.52, 43.16, 24.14, 26.67, 41.52, 43.16, 24.14, 26.67, 41.52, 43.16, 24.14, 26.67, 41.52, 43.16, 24.14, 26.67, 41.52, 43.16, 24.14, 26.67, 41.52, 43.16, 24.14, 26.67, 41.52, 43.16, 24.14, 26.67, 41.52, 43.16, 24.14, 26.67] | Shifted: No
Round 89 | Mean Acc: 33.76% | Domain Accs: [41.07, 43.16, 24.14, 26.67, 41.07, 43.16, 24.14, 26.67, 41.07, 43.16, 24.14, 26.67, 41.07, 43.16, 24.14, 26.67, 41.07, 43.16, 24.14, 26.67, 41.07, 43.16, 24.14, 26.67, 41.07, 43.16, 24.14, 26.67, 41.07, 43.16, 24.14, 26.67, 41.07, 43.16, 24.14, 26.67, 41.07, 43.16, 24.14, 26.67, 41.07, 43.16, 24.14, 26.67, 41.07, 43.16, 24.14, 26.67, 41.07, 43.16, 24.14, 26.67, 41.07, 43.16, 24.14, 26.67, 41.07, 43.16, 24.14, 26.67, 41.07, 43.16, 24.14, 26.67] | Shifted: No
===== DOMAIN SHIFT AT ROUND 90 =====
New domain distribution:
  caltech: 2 clients
  amazon: 3 clients
  webcam: 2 clients
  dslr: 3 clients

Round 90 | Mean Acc: 34.41% | Domain Accs: [41.96, 43.16, 25.86, 26.67, 41.96, 43.16, 25.86, 26.67, 41.96, 43.16, 25.86, 26.67, 41.96, 43.16, 25.86, 26.67, 41.96, 43.16, 25.86, 26.67, 41.96, 43.16, 25.86, 26.67, 41.96, 43.16, 25.86, 26.67, 41.96, 43.16, 25.86, 26.67, 41.96, 43.16, 25.86, 26.67, 41.96, 43.16, 25.86, 26.67, 41.96, 43.16, 25.86, 26.67, 41.96, 43.16, 25.86, 26.67, 41.96, 43.16, 25.86, 26.67, 41.96, 43.16, 25.86, 26.67, 41.96, 43.16, 25.86, 26.67, 41.96, 43.16, 25.86, 26.67] | Shifted: Yes
Round 91 | Mean Acc: 34.30% | Domain Accs: [41.52, 43.16, 25.86, 26.67, 41.52, 43.16, 25.86, 26.67, 41.52, 43.16, 25.86, 26.67, 41.52, 43.16, 25.86, 26.67, 41.52, 43.16, 25.86, 26.67, 41.52, 43.16, 25.86, 26.67, 41.52, 43.16, 25.86, 26.67, 41.52, 43.16, 25.86, 26.67, 41.52, 43.16, 25.86, 26.67, 41.52, 43.16, 25.86, 26.67, 41.52, 43.16, 25.86, 26.67, 41.52, 43.16, 25.86, 26.67, 41.52, 43.16, 25.86, 26.67, 41.52, 43.16, 25.86, 26.67, 41.52, 43.16, 25.86, 26.67, 41.52, 43.16, 25.86, 26.67] | Shifted: No
Round 92 | Mean Acc: 34.30% | Domain Accs: [41.52, 43.16, 25.86, 26.67, 41.52, 43.16, 25.86, 26.67, 41.52, 43.16, 25.86, 26.67, 41.52, 43.16, 25.86, 26.67, 41.52, 43.16, 25.86, 26.67, 41.52, 43.16, 25.86, 26.67, 41.52, 43.16, 25.86, 26.67, 41.52, 43.16, 25.86, 26.67, 41.52, 43.16, 25.86, 26.67, 41.52, 43.16, 25.86, 26.67, 41.52, 43.16, 25.86, 26.67, 41.52, 43.16, 25.86, 26.67, 41.52, 43.16, 25.86, 26.67, 41.52, 43.16, 25.86, 26.67, 41.52, 43.16, 25.86, 26.67, 41.52, 43.16, 25.86, 26.67] | Shifted: No
Round 93 | Mean Acc: 34.19% | Domain Accs: [41.07, 43.16, 25.86, 26.67, 41.07, 43.16, 25.86, 26.67, 41.07, 43.16, 25.86, 26.67, 41.07, 43.16, 25.86, 26.67, 41.07, 43.16, 25.86, 26.67, 41.07, 43.16, 25.86, 26.67, 41.07, 43.16, 25.86, 26.67, 41.07, 43.16, 25.86, 26.67, 41.07, 43.16, 25.86, 26.67, 41.07, 43.16, 25.86, 26.67, 41.07, 43.16, 25.86, 26.67, 41.07, 43.16, 25.86, 26.67, 41.07, 43.16, 25.86, 26.67, 41.07, 43.16, 25.86, 26.67, 41.07, 43.16, 25.86, 26.67, 41.07, 43.16, 25.86, 26.67] | Shifted: No
Round 94 | Mean Acc: 34.30% | Domain Accs: [41.52, 43.16, 25.86, 26.67, 41.52, 43.16, 25.86, 26.67, 41.52, 43.16, 25.86, 26.67, 41.52, 43.16, 25.86, 26.67, 41.52, 43.16, 25.86, 26.67, 41.52, 43.16, 25.86, 26.67, 41.52, 43.16, 25.86, 26.67, 41.52, 43.16, 25.86, 26.67, 41.52, 43.16, 25.86, 26.67, 41.52, 43.16, 25.86, 26.67, 41.52, 43.16, 25.86, 26.67, 41.52, 43.16, 25.86, 26.67, 41.52, 43.16, 25.86, 26.67, 41.52, 43.16, 25.86, 26.67, 41.52, 43.16, 25.86, 26.67, 41.52, 43.16, 25.86, 26.67] | Shifted: No
===== DOMAIN SHIFT AT ROUND 95 =====
New domain distribution:
  caltech: 1 clients
  amazon: 2 clients
  webcam: 4 clients
  dslr: 3 clients

Round 95 | Mean Acc: 33.76% | Domain Accs: [41.07, 43.16, 24.14, 26.67, 41.07, 43.16, 24.14, 26.67, 41.07, 43.16, 24.14, 26.67, 41.07, 43.16, 24.14, 26.67, 41.07, 43.16, 24.14, 26.67, 41.07, 43.16, 24.14, 26.67, 41.07, 43.16, 24.14, 26.67, 41.07, 43.16, 24.14, 26.67, 41.07, 43.16, 24.14, 26.67, 41.07, 43.16, 24.14, 26.67, 41.07, 43.16, 24.14, 26.67, 41.07, 43.16, 24.14, 26.67, 41.07, 43.16, 24.14, 26.67, 41.07, 43.16, 24.14, 26.67, 41.07, 43.16, 24.14, 26.67, 41.07, 43.16, 24.14, 26.67] | Shifted: Yes
Round 96 | Mean Acc: 34.19% | Domain Accs: [41.07, 43.16, 25.86, 26.67, 41.07, 43.16, 25.86, 26.67, 41.07, 43.16, 25.86, 26.67, 41.07, 43.16, 25.86, 26.67, 41.07, 43.16, 25.86, 26.67, 41.07, 43.16, 25.86, 26.67, 41.07, 43.16, 25.86, 26.67, 41.07, 43.16, 25.86, 26.67, 41.07, 43.16, 25.86, 26.67, 41.07, 43.16, 25.86, 26.67, 41.07, 43.16, 25.86, 26.67, 41.07, 43.16, 25.86, 26.67, 41.07, 43.16, 25.86, 26.67, 41.07, 43.16, 25.86, 26.67, 41.07, 43.16, 25.86, 26.67, 41.07, 43.16, 25.86, 26.67] | Shifted: No
Round 97 | Mean Acc: 34.60% | Domain Accs: [41.52, 42.63, 27.59, 26.67, 41.52, 42.63, 27.59, 26.67, 41.52, 42.63, 27.59, 26.67, 41.52, 42.63, 27.59, 26.67, 41.52, 42.63, 27.59, 26.67, 41.52, 42.63, 27.59, 26.67, 41.52, 42.63, 27.59, 26.67, 41.52, 42.63, 27.59, 26.67, 41.52, 42.63, 27.59, 26.67, 41.52, 42.63, 27.59, 26.67, 41.52, 42.63, 27.59, 26.67, 41.52, 42.63, 27.59, 26.67, 41.52, 42.63, 27.59, 26.67, 41.52, 42.63, 27.59, 26.67, 41.52, 42.63, 27.59, 26.67, 41.52, 42.63, 27.59, 26.67] | Shifted: No
Round 98 | Mean Acc: 34.73% | Domain Accs: [41.52, 43.16, 27.59, 26.67, 41.52, 43.16, 27.59, 26.67, 41.52, 43.16, 27.59, 26.67, 41.52, 43.16, 27.59, 26.67, 41.52, 43.16, 27.59, 26.67, 41.52, 43.16, 27.59, 26.67, 41.52, 43.16, 27.59, 26.67, 41.52, 43.16, 27.59, 26.67, 41.52, 43.16, 27.59, 26.67, 41.52, 43.16, 27.59, 26.67, 41.52, 43.16, 27.59, 26.67, 41.52, 43.16, 27.59, 26.67, 41.52, 43.16, 27.59, 26.67, 41.52, 43.16, 27.59, 26.67, 41.52, 43.16, 27.59, 26.67, 41.52, 43.16, 27.59, 26.67] | Shifted: No
Round 99 | Mean Acc: 34.84% | Domain Accs: [41.96, 43.16, 27.59, 26.67, 41.96, 43.16, 27.59, 26.67, 41.96, 43.16, 27.59, 26.67, 41.96, 43.16, 27.59, 26.67, 41.96, 43.16, 27.59, 26.67, 41.96, 43.16, 27.59, 26.67, 41.96, 43.16, 27.59, 26.67, 41.96, 43.16, 27.59, 26.67, 41.96, 43.16, 27.59, 26.67, 41.96, 43.16, 27.59, 26.67, 41.96, 43.16, 27.59, 26.67, 41.96, 43.16, 27.59, 26.67, 41.96, 43.16, 27.59, 26.67, 41.96, 43.16, 27.59, 26.67, 41.96, 43.16, 27.59, 26.67, 41.96, 43.16, 27.59, 26.67] | Shifted: No

===== EXPERIMENT SUMMARY =====
Best Mean Accuracy: 34.89%
Best Domain Accuracies: [44.2, 44.74, 27.59, 30.0, 44.2, 44.74, 27.59, 30.0, 44.2, 44.74, 27.59, 30.0, 44.2, 44.74, 27.59, 30.0, 44.2, 44.74, 27.59, 30.0, 44.2, 44.74, 27.59, 30.0, 44.2, 44.74, 27.59, 30.0, 44.2, 44.74, 27.59, 30.0, 44.2, 44.74, 27.59, 30.0, 44.2, 44.74, 27.59, 30.0, 44.2, 44.74, 27.59, 30.0, 44.2, 44.74, 27.59, 30.0, 44.2, 44.74, 27.59, 30.0, 44.2, 44.74, 27.59, 30.0, 44.2, 44.74, 27.59, 30.0, 44.2, 44.74, 27.59, 30.0]
Accuracy variance after shift at round 5: 0.4727
Accuracy variance after shift at round 10: 0.0063
Accuracy variance after shift at round 15: 0.0655
Accuracy variance after shift at round 20: 0.0153
Accuracy variance after shift at round 25: 0.0268
Accuracy variance after shift at round 30: 0.0822
Accuracy variance after shift at round 35: 0.0845
Accuracy variance after shift at round 40: 0.2012
Accuracy variance after shift at round 45: 0.5474
Accuracy variance after shift at round 50: 0.7545
Accuracy variance after shift at round 55: 0.5350
Accuracy variance after shift at round 60: 0.4191
Accuracy variance after shift at round 65: 0.3306
Accuracy variance after shift at round 70: 0.0396
Accuracy variance after shift at round 75: 0.0110
Accuracy variance after shift at round 80: 0.1144
Accuracy variance after shift at round 85: 0.0335
Accuracy variance after shift at round 90: 0.0027
Accuracy variance after shift at round 95: 0.1185
Average variance after shifts: 0.2032

Domain distribution at the end of experiment:
  caltech: 1 clients
  amazon: 2 clients
  webcam: 4 clients
  dslr: 3 clients
