===== EXPERIMENT CONFIGURATION =====
Model: fedprox
Dataset: fl_officecaltech
Backbone: resnet18
Participants: 10
Communication Epochs: 100
Local Epochs: 5
Shift Frequency: 5
Shift Ratio: 0.3
Pruning Strategy: AD
Alpha: 0.9
Alpha Min: 0.1
Epsilon: 0.2
Reg Coefficient: 0.01

===== DOMAIN SHIFT EXPERIMENT RESULTS =====
Format: Round [X] | Mean Acc: [Y]% | Domain Accs: [Z] | Shifted: [Yes/No]

Round 0 | Mean Acc: 10.05% | Domain Accs: [9.82, 8.42, 8.62, 13.33, 9.82, 8.42, 8.62, 13.33, 9.82, 8.42, 8.62, 13.33, 9.82, 8.42, 8.62, 13.33, 9.82, 8.42, 8.62, 13.33, 9.82, 8.42, 8.62, 13.33, 9.82, 8.42, 8.62, 13.33, 9.82, 8.42, 8.62, 13.33, 9.82, 8.42, 8.62, 13.33, 9.82, 8.42, 8.62, 13.33, 9.82, 8.42, 8.62, 13.33, 9.82, 8.42, 8.62, 13.33, 9.82, 8.42, 8.62, 13.33, 9.82, 8.42, 8.62, 13.33, 9.82, 8.42, 8.62, 13.33, 9.82, 8.42, 8.62, 13.33] | Shifted: No
  ★ New best accuracy: 10.05%
Round 1 | Mean Acc: 19.61% | Domain Accs: [29.91, 26.32, 15.52, 6.67, 29.91, 26.32, 15.52, 6.67, 29.91, 26.32, 15.52, 6.67, 29.91, 26.32, 15.52, 6.67, 29.91, 26.32, 15.52, 6.67, 29.91, 26.32, 15.52, 6.67, 29.91, 26.32, 15.52, 6.67, 29.91, 26.32, 15.52, 6.67, 29.91, 26.32, 15.52, 6.67, 29.91, 26.32, 15.52, 6.67, 29.91, 26.32, 15.52, 6.67, 29.91, 26.32, 15.52, 6.67, 29.91, 26.32, 15.52, 6.67, 29.91, 26.32, 15.52, 6.67, 29.91, 26.32, 15.52, 6.67, 29.91, 26.32, 15.52, 6.67] | Shifted: No
  ★ New best accuracy: 19.61%
Round 2 | Mean Acc: 25.98% | Domain Accs: [41.07, 32.63, 6.9, 23.33, 41.07, 32.63, 6.9, 23.33, 41.07, 32.63, 6.9, 23.33, 41.07, 32.63, 6.9, 23.33, 41.07, 32.63, 6.9, 23.33, 41.07, 32.63, 6.9, 23.33, 41.07, 32.63, 6.9, 23.33, 41.07, 32.63, 6.9, 23.33, 41.07, 32.63, 6.9, 23.33, 41.07, 32.63, 6.9, 23.33, 41.07, 32.63, 6.9, 23.33, 41.07, 32.63, 6.9, 23.33, 41.07, 32.63, 6.9, 23.33, 41.07, 32.63, 6.9, 23.33, 41.07, 32.63, 6.9, 23.33, 41.07, 32.63, 6.9, 23.33] | Shifted: No
  ★ New best accuracy: 25.98%
Round 3 | Mean Acc: 30.05% | Domain Accs: [44.64, 36.84, 12.07, 26.67, 44.64, 36.84, 12.07, 26.67, 44.64, 36.84, 12.07, 26.67, 44.64, 36.84, 12.07, 26.67, 44.64, 36.84, 12.07, 26.67, 44.64, 36.84, 12.07, 26.67, 44.64, 36.84, 12.07, 26.67, 44.64, 36.84, 12.07, 26.67, 44.64, 36.84, 12.07, 26.67, 44.64, 36.84, 12.07, 26.67, 44.64, 36.84, 12.07, 26.67, 44.64, 36.84, 12.07, 26.67, 44.64, 36.84, 12.07, 26.67, 44.64, 36.84, 12.07, 26.67, 44.64, 36.84, 12.07, 26.67, 44.64, 36.84, 12.07, 26.67] | Shifted: No
  ★ New best accuracy: 30.05%
Round 4 | Mean Acc: 28.12% | Domain Accs: [42.41, 37.89, 15.52, 16.67, 42.41, 37.89, 15.52, 16.67, 42.41, 37.89, 15.52, 16.67, 42.41, 37.89, 15.52, 16.67, 42.41, 37.89, 15.52, 16.67, 42.41, 37.89, 15.52, 16.67, 42.41, 37.89, 15.52, 16.67, 42.41, 37.89, 15.52, 16.67, 42.41, 37.89, 15.52, 16.67, 42.41, 37.89, 15.52, 16.67, 42.41, 37.89, 15.52, 16.67, 42.41, 37.89, 15.52, 16.67, 42.41, 37.89, 15.52, 16.67, 42.41, 37.89, 15.52, 16.67, 42.41, 37.89, 15.52, 16.67, 42.41, 37.89, 15.52, 16.67] | Shifted: No
===== DOMAIN SHIFT AT ROUND 5 =====
New domain distribution:
  caltech: 1 clients
  amazon: 4 clients
  webcam: 3 clients
  dslr: 2 clients

Round 5 | Mean Acc: 30.63% | Domain Accs: [43.75, 38.42, 10.34, 30.0, 43.75, 38.42, 10.34, 30.0, 43.75, 38.42, 10.34, 30.0, 43.75, 38.42, 10.34, 30.0, 43.75, 38.42, 10.34, 30.0, 43.75, 38.42, 10.34, 30.0, 43.75, 38.42, 10.34, 30.0, 43.75, 38.42, 10.34, 30.0, 43.75, 38.42, 10.34, 30.0, 43.75, 38.42, 10.34, 30.0, 43.75, 38.42, 10.34, 30.0, 43.75, 38.42, 10.34, 30.0, 43.75, 38.42, 10.34, 30.0, 43.75, 38.42, 10.34, 30.0, 43.75, 38.42, 10.34, 30.0, 43.75, 38.42, 10.34, 30.0] | Shifted: Yes
  ★ New best accuracy: 30.63%
Round 6 | Mean Acc: 28.77% | Domain Accs: [41.96, 41.05, 12.07, 20.0, 41.96, 41.05, 12.07, 20.0, 41.96, 41.05, 12.07, 20.0, 41.96, 41.05, 12.07, 20.0, 41.96, 41.05, 12.07, 20.0, 41.96, 41.05, 12.07, 20.0, 41.96, 41.05, 12.07, 20.0, 41.96, 41.05, 12.07, 20.0, 41.96, 41.05, 12.07, 20.0, 41.96, 41.05, 12.07, 20.0, 41.96, 41.05, 12.07, 20.0, 41.96, 41.05, 12.07, 20.0, 41.96, 41.05, 12.07, 20.0, 41.96, 41.05, 12.07, 20.0, 41.96, 41.05, 12.07, 20.0, 41.96, 41.05, 12.07, 20.0] | Shifted: No
Round 7 | Mean Acc: 28.79% | Domain Accs: [42.41, 38.95, 13.79, 20.0, 42.41, 38.95, 13.79, 20.0, 42.41, 38.95, 13.79, 20.0, 42.41, 38.95, 13.79, 20.0, 42.41, 38.95, 13.79, 20.0, 42.41, 38.95, 13.79, 20.0, 42.41, 38.95, 13.79, 20.0, 42.41, 38.95, 13.79, 20.0, 42.41, 38.95, 13.79, 20.0, 42.41, 38.95, 13.79, 20.0, 42.41, 38.95, 13.79, 20.0, 42.41, 38.95, 13.79, 20.0, 42.41, 38.95, 13.79, 20.0, 42.41, 38.95, 13.79, 20.0, 42.41, 38.95, 13.79, 20.0, 42.41, 38.95, 13.79, 20.0] | Shifted: No
Round 8 | Mean Acc: 28.34% | Domain Accs: [40.62, 40.53, 15.52, 16.67, 40.62, 40.53, 15.52, 16.67, 40.62, 40.53, 15.52, 16.67, 40.62, 40.53, 15.52, 16.67, 40.62, 40.53, 15.52, 16.67, 40.62, 40.53, 15.52, 16.67, 40.62, 40.53, 15.52, 16.67, 40.62, 40.53, 15.52, 16.67, 40.62, 40.53, 15.52, 16.67, 40.62, 40.53, 15.52, 16.67, 40.62, 40.53, 15.52, 16.67, 40.62, 40.53, 15.52, 16.67, 40.62, 40.53, 15.52, 16.67, 40.62, 40.53, 15.52, 16.67, 40.62, 40.53, 15.52, 16.67, 40.62, 40.53, 15.52, 16.67] | Shifted: No
Round 9 | Mean Acc: 28.72% | Domain Accs: [40.18, 42.63, 12.07, 20.0, 40.18, 42.63, 12.07, 20.0, 40.18, 42.63, 12.07, 20.0, 40.18, 42.63, 12.07, 20.0, 40.18, 42.63, 12.07, 20.0, 40.18, 42.63, 12.07, 20.0, 40.18, 42.63, 12.07, 20.0, 40.18, 42.63, 12.07, 20.0, 40.18, 42.63, 12.07, 20.0, 40.18, 42.63, 12.07, 20.0, 40.18, 42.63, 12.07, 20.0, 40.18, 42.63, 12.07, 20.0, 40.18, 42.63, 12.07, 20.0, 40.18, 42.63, 12.07, 20.0, 40.18, 42.63, 12.07, 20.0, 40.18, 42.63, 12.07, 20.0] | Shifted: No
===== DOMAIN SHIFT AT ROUND 10 =====
New domain distribution:
  caltech: 3 clients
  amazon: 3 clients
  webcam: 3 clients
  dslr: 1 clients

Round 10 | Mean Acc: 28.75% | Domain Accs: [40.18, 41.05, 13.79, 20.0, 40.18, 41.05, 13.79, 20.0, 40.18, 41.05, 13.79, 20.0, 40.18, 41.05, 13.79, 20.0, 40.18, 41.05, 13.79, 20.0, 40.18, 41.05, 13.79, 20.0, 40.18, 41.05, 13.79, 20.0, 40.18, 41.05, 13.79, 20.0, 40.18, 41.05, 13.79, 20.0, 40.18, 41.05, 13.79, 20.0, 40.18, 41.05, 13.79, 20.0, 40.18, 41.05, 13.79, 20.0, 40.18, 41.05, 13.79, 20.0, 40.18, 41.05, 13.79, 20.0, 40.18, 41.05, 13.79, 20.0, 40.18, 41.05, 13.79, 20.0] | Shifted: Yes
Round 11 | Mean Acc: 29.52% | Domain Accs: [41.52, 41.05, 15.52, 20.0, 41.52, 41.05, 15.52, 20.0, 41.52, 41.05, 15.52, 20.0, 41.52, 41.05, 15.52, 20.0, 41.52, 41.05, 15.52, 20.0, 41.52, 41.05, 15.52, 20.0, 41.52, 41.05, 15.52, 20.0, 41.52, 41.05, 15.52, 20.0, 41.52, 41.05, 15.52, 20.0, 41.52, 41.05, 15.52, 20.0, 41.52, 41.05, 15.52, 20.0, 41.52, 41.05, 15.52, 20.0, 41.52, 41.05, 15.52, 20.0, 41.52, 41.05, 15.52, 20.0, 41.52, 41.05, 15.52, 20.0, 41.52, 41.05, 15.52, 20.0] | Shifted: No
Round 12 | Mean Acc: 28.62% | Domain Accs: [40.18, 40.53, 13.79, 20.0, 40.18, 40.53, 13.79, 20.0, 40.18, 40.53, 13.79, 20.0, 40.18, 40.53, 13.79, 20.0, 40.18, 40.53, 13.79, 20.0, 40.18, 40.53, 13.79, 20.0, 40.18, 40.53, 13.79, 20.0, 40.18, 40.53, 13.79, 20.0, 40.18, 40.53, 13.79, 20.0, 40.18, 40.53, 13.79, 20.0, 40.18, 40.53, 13.79, 20.0, 40.18, 40.53, 13.79, 20.0, 40.18, 40.53, 13.79, 20.0, 40.18, 40.53, 13.79, 20.0, 40.18, 40.53, 13.79, 20.0, 40.18, 40.53, 13.79, 20.0] | Shifted: No
Round 13 | Mean Acc: 28.86% | Domain Accs: [40.62, 41.05, 13.79, 20.0, 40.62, 41.05, 13.79, 20.0, 40.62, 41.05, 13.79, 20.0, 40.62, 41.05, 13.79, 20.0, 40.62, 41.05, 13.79, 20.0, 40.62, 41.05, 13.79, 20.0, 40.62, 41.05, 13.79, 20.0, 40.62, 41.05, 13.79, 20.0, 40.62, 41.05, 13.79, 20.0, 40.62, 41.05, 13.79, 20.0, 40.62, 41.05, 13.79, 20.0, 40.62, 41.05, 13.79, 20.0, 40.62, 41.05, 13.79, 20.0, 40.62, 41.05, 13.79, 20.0, 40.62, 41.05, 13.79, 20.0, 40.62, 41.05, 13.79, 20.0] | Shifted: No
Round 14 | Mean Acc: 29.15% | Domain Accs: [41.07, 40.0, 15.52, 20.0, 41.07, 40.0, 15.52, 20.0, 41.07, 40.0, 15.52, 20.0, 41.07, 40.0, 15.52, 20.0, 41.07, 40.0, 15.52, 20.0, 41.07, 40.0, 15.52, 20.0, 41.07, 40.0, 15.52, 20.0, 41.07, 40.0, 15.52, 20.0, 41.07, 40.0, 15.52, 20.0, 41.07, 40.0, 15.52, 20.0, 41.07, 40.0, 15.52, 20.0, 41.07, 40.0, 15.52, 20.0, 41.07, 40.0, 15.52, 20.0, 41.07, 40.0, 15.52, 20.0, 41.07, 40.0, 15.52, 20.0, 41.07, 40.0, 15.52, 20.0] | Shifted: No
===== DOMAIN SHIFT AT ROUND 15 =====
New domain distribution:
  caltech: 2 clients
  amazon: 5 clients
  webcam: 1 clients
  dslr: 2 clients

Round 15 | Mean Acc: 29.52% | Domain Accs: [41.52, 41.05, 15.52, 20.0, 41.52, 41.05, 15.52, 20.0, 41.52, 41.05, 15.52, 20.0, 41.52, 41.05, 15.52, 20.0, 41.52, 41.05, 15.52, 20.0, 41.52, 41.05, 15.52, 20.0, 41.52, 41.05, 15.52, 20.0, 41.52, 41.05, 15.52, 20.0, 41.52, 41.05, 15.52, 20.0, 41.52, 41.05, 15.52, 20.0, 41.52, 41.05, 15.52, 20.0, 41.52, 41.05, 15.52, 20.0, 41.52, 41.05, 15.52, 20.0, 41.52, 41.05, 15.52, 20.0, 41.52, 41.05, 15.52, 20.0, 41.52, 41.05, 15.52, 20.0] | Shifted: Yes
Round 16 | Mean Acc: 28.09% | Domain Accs: [41.07, 37.37, 17.24, 16.67, 41.07, 37.37, 17.24, 16.67, 41.07, 37.37, 17.24, 16.67, 41.07, 37.37, 17.24, 16.67, 41.07, 37.37, 17.24, 16.67, 41.07, 37.37, 17.24, 16.67, 41.07, 37.37, 17.24, 16.67, 41.07, 37.37, 17.24, 16.67, 41.07, 37.37, 17.24, 16.67, 41.07, 37.37, 17.24, 16.67, 41.07, 37.37, 17.24, 16.67, 41.07, 37.37, 17.24, 16.67, 41.07, 37.37, 17.24, 16.67, 41.07, 37.37, 17.24, 16.67, 41.07, 37.37, 17.24, 16.67, 41.07, 37.37, 17.24, 16.67] | Shifted: No
Round 17 | Mean Acc: 29.59% | Domain Accs: [40.18, 41.05, 13.79, 23.33, 40.18, 41.05, 13.79, 23.33, 40.18, 41.05, 13.79, 23.33, 40.18, 41.05, 13.79, 23.33, 40.18, 41.05, 13.79, 23.33, 40.18, 41.05, 13.79, 23.33, 40.18, 41.05, 13.79, 23.33, 40.18, 41.05, 13.79, 23.33, 40.18, 41.05, 13.79, 23.33, 40.18, 41.05, 13.79, 23.33, 40.18, 41.05, 13.79, 23.33, 40.18, 41.05, 13.79, 23.33, 40.18, 41.05, 13.79, 23.33, 40.18, 41.05, 13.79, 23.33, 40.18, 41.05, 13.79, 23.33, 40.18, 41.05, 13.79, 23.33] | Shifted: No
Round 18 | Mean Acc: 29.72% | Domain Accs: [40.18, 41.58, 13.79, 23.33, 40.18, 41.58, 13.79, 23.33, 40.18, 41.58, 13.79, 23.33, 40.18, 41.58, 13.79, 23.33, 40.18, 41.58, 13.79, 23.33, 40.18, 41.58, 13.79, 23.33, 40.18, 41.58, 13.79, 23.33, 40.18, 41.58, 13.79, 23.33, 40.18, 41.58, 13.79, 23.33, 40.18, 41.58, 13.79, 23.33, 40.18, 41.58, 13.79, 23.33, 40.18, 41.58, 13.79, 23.33, 40.18, 41.58, 13.79, 23.33, 40.18, 41.58, 13.79, 23.33, 40.18, 41.58, 13.79, 23.33, 40.18, 41.58, 13.79, 23.33] | Shifted: No
Round 19 | Mean Acc: 29.43% | Domain Accs: [40.62, 41.58, 15.52, 20.0, 40.62, 41.58, 15.52, 20.0, 40.62, 41.58, 15.52, 20.0, 40.62, 41.58, 15.52, 20.0, 40.62, 41.58, 15.52, 20.0, 40.62, 41.58, 15.52, 20.0, 40.62, 41.58, 15.52, 20.0, 40.62, 41.58, 15.52, 20.0, 40.62, 41.58, 15.52, 20.0, 40.62, 41.58, 15.52, 20.0, 40.62, 41.58, 15.52, 20.0, 40.62, 41.58, 15.52, 20.0, 40.62, 41.58, 15.52, 20.0, 40.62, 41.58, 15.52, 20.0, 40.62, 41.58, 15.52, 20.0, 40.62, 41.58, 15.52, 20.0] | Shifted: No
===== DOMAIN SHIFT AT ROUND 20 =====
New domain distribution:
  caltech: 3 clients
  amazon: 2 clients
  webcam: 3 clients
  dslr: 2 clients

Round 20 | Mean Acc: 28.46% | Domain Accs: [40.62, 41.05, 15.52, 16.67, 40.62, 41.05, 15.52, 16.67, 40.62, 41.05, 15.52, 16.67, 40.62, 41.05, 15.52, 16.67, 40.62, 41.05, 15.52, 16.67, 40.62, 41.05, 15.52, 16.67, 40.62, 41.05, 15.52, 16.67, 40.62, 41.05, 15.52, 16.67, 40.62, 41.05, 15.52, 16.67, 40.62, 41.05, 15.52, 16.67, 40.62, 41.05, 15.52, 16.67, 40.62, 41.05, 15.52, 16.67, 40.62, 41.05, 15.52, 16.67, 40.62, 41.05, 15.52, 16.67, 40.62, 41.05, 15.52, 16.67, 40.62, 41.05, 15.52, 16.67] | Shifted: Yes
Round 21 | Mean Acc: 29.30% | Domain Accs: [40.62, 41.05, 15.52, 20.0, 40.62, 41.05, 15.52, 20.0, 40.62, 41.05, 15.52, 20.0, 40.62, 41.05, 15.52, 20.0, 40.62, 41.05, 15.52, 20.0, 40.62, 41.05, 15.52, 20.0, 40.62, 41.05, 15.52, 20.0, 40.62, 41.05, 15.52, 20.0, 40.62, 41.05, 15.52, 20.0, 40.62, 41.05, 15.52, 20.0, 40.62, 41.05, 15.52, 20.0, 40.62, 41.05, 15.52, 20.0, 40.62, 41.05, 15.52, 20.0, 40.62, 41.05, 15.52, 20.0, 40.62, 41.05, 15.52, 20.0, 40.62, 41.05, 15.52, 20.0] | Shifted: No
Round 22 | Mean Acc: 29.30% | Domain Accs: [40.62, 41.05, 15.52, 20.0, 40.62, 41.05, 15.52, 20.0, 40.62, 41.05, 15.52, 20.0, 40.62, 41.05, 15.52, 20.0, 40.62, 41.05, 15.52, 20.0, 40.62, 41.05, 15.52, 20.0, 40.62, 41.05, 15.52, 20.0, 40.62, 41.05, 15.52, 20.0, 40.62, 41.05, 15.52, 20.0, 40.62, 41.05, 15.52, 20.0, 40.62, 41.05, 15.52, 20.0, 40.62, 41.05, 15.52, 20.0, 40.62, 41.05, 15.52, 20.0, 40.62, 41.05, 15.52, 20.0, 40.62, 41.05, 15.52, 20.0, 40.62, 41.05, 15.52, 20.0] | Shifted: No
Round 23 | Mean Acc: 29.30% | Domain Accs: [40.62, 41.05, 15.52, 20.0, 40.62, 41.05, 15.52, 20.0, 40.62, 41.05, 15.52, 20.0, 40.62, 41.05, 15.52, 20.0, 40.62, 41.05, 15.52, 20.0, 40.62, 41.05, 15.52, 20.0, 40.62, 41.05, 15.52, 20.0, 40.62, 41.05, 15.52, 20.0, 40.62, 41.05, 15.52, 20.0, 40.62, 41.05, 15.52, 20.0, 40.62, 41.05, 15.52, 20.0, 40.62, 41.05, 15.52, 20.0, 40.62, 41.05, 15.52, 20.0, 40.62, 41.05, 15.52, 20.0, 40.62, 41.05, 15.52, 20.0, 40.62, 41.05, 15.52, 20.0] | Shifted: No
Round 24 | Mean Acc: 28.98% | Domain Accs: [41.07, 41.05, 13.79, 20.0, 41.07, 41.05, 13.79, 20.0, 41.07, 41.05, 13.79, 20.0, 41.07, 41.05, 13.79, 20.0, 41.07, 41.05, 13.79, 20.0, 41.07, 41.05, 13.79, 20.0, 41.07, 41.05, 13.79, 20.0, 41.07, 41.05, 13.79, 20.0, 41.07, 41.05, 13.79, 20.0, 41.07, 41.05, 13.79, 20.0, 41.07, 41.05, 13.79, 20.0, 41.07, 41.05, 13.79, 20.0, 41.07, 41.05, 13.79, 20.0, 41.07, 41.05, 13.79, 20.0, 41.07, 41.05, 13.79, 20.0, 41.07, 41.05, 13.79, 20.0] | Shifted: No
===== DOMAIN SHIFT AT ROUND 25 =====
New domain distribution:
  caltech: 4 clients
  amazon: 3 clients
  webcam: 2 clients
  dslr: 1 clients

Round 25 | Mean Acc: 29.13% | Domain Accs: [40.62, 42.11, 13.79, 20.0, 40.62, 42.11, 13.79, 20.0, 40.62, 42.11, 13.79, 20.0, 40.62, 42.11, 13.79, 20.0, 40.62, 42.11, 13.79, 20.0, 40.62, 42.11, 13.79, 20.0, 40.62, 42.11, 13.79, 20.0, 40.62, 42.11, 13.79, 20.0, 40.62, 42.11, 13.79, 20.0, 40.62, 42.11, 13.79, 20.0, 40.62, 42.11, 13.79, 20.0, 40.62, 42.11, 13.79, 20.0, 40.62, 42.11, 13.79, 20.0, 40.62, 42.11, 13.79, 20.0, 40.62, 42.11, 13.79, 20.0, 40.62, 42.11, 13.79, 20.0] | Shifted: Yes
Round 26 | Mean Acc: 29.41% | Domain Accs: [41.07, 41.05, 15.52, 20.0, 41.07, 41.05, 15.52, 20.0, 41.07, 41.05, 15.52, 20.0, 41.07, 41.05, 15.52, 20.0, 41.07, 41.05, 15.52, 20.0, 41.07, 41.05, 15.52, 20.0, 41.07, 41.05, 15.52, 20.0, 41.07, 41.05, 15.52, 20.0, 41.07, 41.05, 15.52, 20.0, 41.07, 41.05, 15.52, 20.0, 41.07, 41.05, 15.52, 20.0, 41.07, 41.05, 15.52, 20.0, 41.07, 41.05, 15.52, 20.0, 41.07, 41.05, 15.52, 20.0, 41.07, 41.05, 15.52, 20.0, 41.07, 41.05, 15.52, 20.0] | Shifted: No
Round 27 | Mean Acc: 29.22% | Domain Accs: [41.52, 41.58, 13.79, 20.0, 41.52, 41.58, 13.79, 20.0, 41.52, 41.58, 13.79, 20.0, 41.52, 41.58, 13.79, 20.0, 41.52, 41.58, 13.79, 20.0, 41.52, 41.58, 13.79, 20.0, 41.52, 41.58, 13.79, 20.0, 41.52, 41.58, 13.79, 20.0, 41.52, 41.58, 13.79, 20.0, 41.52, 41.58, 13.79, 20.0, 41.52, 41.58, 13.79, 20.0, 41.52, 41.58, 13.79, 20.0, 41.52, 41.58, 13.79, 20.0, 41.52, 41.58, 13.79, 20.0, 41.52, 41.58, 13.79, 20.0, 41.52, 41.58, 13.79, 20.0] | Shifted: No
Round 28 | Mean Acc: 29.09% | Domain Accs: [41.52, 41.05, 13.79, 20.0, 41.52, 41.05, 13.79, 20.0, 41.52, 41.05, 13.79, 20.0, 41.52, 41.05, 13.79, 20.0, 41.52, 41.05, 13.79, 20.0, 41.52, 41.05, 13.79, 20.0, 41.52, 41.05, 13.79, 20.0, 41.52, 41.05, 13.79, 20.0, 41.52, 41.05, 13.79, 20.0, 41.52, 41.05, 13.79, 20.0, 41.52, 41.05, 13.79, 20.0, 41.52, 41.05, 13.79, 20.0, 41.52, 41.05, 13.79, 20.0, 41.52, 41.05, 13.79, 20.0, 41.52, 41.05, 13.79, 20.0, 41.52, 41.05, 13.79, 20.0] | Shifted: No
Round 29 | Mean Acc: 28.89% | Domain Accs: [40.18, 41.58, 13.79, 20.0, 40.18, 41.58, 13.79, 20.0, 40.18, 41.58, 13.79, 20.0, 40.18, 41.58, 13.79, 20.0, 40.18, 41.58, 13.79, 20.0, 40.18, 41.58, 13.79, 20.0, 40.18, 41.58, 13.79, 20.0, 40.18, 41.58, 13.79, 20.0, 40.18, 41.58, 13.79, 20.0, 40.18, 41.58, 13.79, 20.0, 40.18, 41.58, 13.79, 20.0, 40.18, 41.58, 13.79, 20.0, 40.18, 41.58, 13.79, 20.0, 40.18, 41.58, 13.79, 20.0, 40.18, 41.58, 13.79, 20.0, 40.18, 41.58, 13.79, 20.0] | Shifted: No
===== DOMAIN SHIFT AT ROUND 30 =====
New domain distribution:
  caltech: 3 clients
  amazon: 2 clients
  webcam: 2 clients
  dslr: 3 clients

Round 30 | Mean Acc: 29.11% | Domain Accs: [41.07, 41.58, 13.79, 20.0, 41.07, 41.58, 13.79, 20.0, 41.07, 41.58, 13.79, 20.0, 41.07, 41.58, 13.79, 20.0, 41.07, 41.58, 13.79, 20.0, 41.07, 41.58, 13.79, 20.0, 41.07, 41.58, 13.79, 20.0, 41.07, 41.58, 13.79, 20.0, 41.07, 41.58, 13.79, 20.0, 41.07, 41.58, 13.79, 20.0, 41.07, 41.58, 13.79, 20.0, 41.07, 41.58, 13.79, 20.0, 41.07, 41.58, 13.79, 20.0, 41.07, 41.58, 13.79, 20.0, 41.07, 41.58, 13.79, 20.0, 41.07, 41.58, 13.79, 20.0] | Shifted: Yes
Round 31 | Mean Acc: 28.98% | Domain Accs: [41.07, 41.05, 13.79, 20.0, 41.07, 41.05, 13.79, 20.0, 41.07, 41.05, 13.79, 20.0, 41.07, 41.05, 13.79, 20.0, 41.07, 41.05, 13.79, 20.0, 41.07, 41.05, 13.79, 20.0, 41.07, 41.05, 13.79, 20.0, 41.07, 41.05, 13.79, 20.0, 41.07, 41.05, 13.79, 20.0, 41.07, 41.05, 13.79, 20.0, 41.07, 41.05, 13.79, 20.0, 41.07, 41.05, 13.79, 20.0, 41.07, 41.05, 13.79, 20.0, 41.07, 41.05, 13.79, 20.0, 41.07, 41.05, 13.79, 20.0, 41.07, 41.05, 13.79, 20.0] | Shifted: No
Round 32 | Mean Acc: 29.00% | Domain Accs: [40.62, 41.58, 13.79, 20.0, 40.62, 41.58, 13.79, 20.0, 40.62, 41.58, 13.79, 20.0, 40.62, 41.58, 13.79, 20.0, 40.62, 41.58, 13.79, 20.0, 40.62, 41.58, 13.79, 20.0, 40.62, 41.58, 13.79, 20.0, 40.62, 41.58, 13.79, 20.0, 40.62, 41.58, 13.79, 20.0, 40.62, 41.58, 13.79, 20.0, 40.62, 41.58, 13.79, 20.0, 40.62, 41.58, 13.79, 20.0, 40.62, 41.58, 13.79, 20.0, 40.62, 41.58, 13.79, 20.0, 40.62, 41.58, 13.79, 20.0, 40.62, 41.58, 13.79, 20.0] | Shifted: No
Round 33 | Mean Acc: 28.98% | Domain Accs: [41.07, 41.05, 13.79, 20.0, 41.07, 41.05, 13.79, 20.0, 41.07, 41.05, 13.79, 20.0, 41.07, 41.05, 13.79, 20.0, 41.07, 41.05, 13.79, 20.0, 41.07, 41.05, 13.79, 20.0, 41.07, 41.05, 13.79, 20.0, 41.07, 41.05, 13.79, 20.0, 41.07, 41.05, 13.79, 20.0, 41.07, 41.05, 13.79, 20.0, 41.07, 41.05, 13.79, 20.0, 41.07, 41.05, 13.79, 20.0, 41.07, 41.05, 13.79, 20.0, 41.07, 41.05, 13.79, 20.0, 41.07, 41.05, 13.79, 20.0, 41.07, 41.05, 13.79, 20.0] | Shifted: No
Round 34 | Mean Acc: 29.58% | Domain Accs: [42.41, 42.11, 13.79, 20.0, 42.41, 42.11, 13.79, 20.0, 42.41, 42.11, 13.79, 20.0, 42.41, 42.11, 13.79, 20.0, 42.41, 42.11, 13.79, 20.0, 42.41, 42.11, 13.79, 20.0, 42.41, 42.11, 13.79, 20.0, 42.41, 42.11, 13.79, 20.0, 42.41, 42.11, 13.79, 20.0, 42.41, 42.11, 13.79, 20.0, 42.41, 42.11, 13.79, 20.0, 42.41, 42.11, 13.79, 20.0, 42.41, 42.11, 13.79, 20.0, 42.41, 42.11, 13.79, 20.0, 42.41, 42.11, 13.79, 20.0, 42.41, 42.11, 13.79, 20.0] | Shifted: No
===== DOMAIN SHIFT AT ROUND 35 =====
New domain distribution:
  caltech: 3 clients
  amazon: 1 clients
  webcam: 3 clients
  dslr: 3 clients

Round 35 | Mean Acc: 29.33% | Domain Accs: [41.96, 41.58, 13.79, 20.0, 41.96, 41.58, 13.79, 20.0, 41.96, 41.58, 13.79, 20.0, 41.96, 41.58, 13.79, 20.0, 41.96, 41.58, 13.79, 20.0, 41.96, 41.58, 13.79, 20.0, 41.96, 41.58, 13.79, 20.0, 41.96, 41.58, 13.79, 20.0, 41.96, 41.58, 13.79, 20.0, 41.96, 41.58, 13.79, 20.0, 41.96, 41.58, 13.79, 20.0, 41.96, 41.58, 13.79, 20.0, 41.96, 41.58, 13.79, 20.0, 41.96, 41.58, 13.79, 20.0, 41.96, 41.58, 13.79, 20.0, 41.96, 41.58, 13.79, 20.0] | Shifted: Yes
Round 36 | Mean Acc: 29.33% | Domain Accs: [41.96, 41.58, 13.79, 20.0, 41.96, 41.58, 13.79, 20.0, 41.96, 41.58, 13.79, 20.0, 41.96, 41.58, 13.79, 20.0, 41.96, 41.58, 13.79, 20.0, 41.96, 41.58, 13.79, 20.0, 41.96, 41.58, 13.79, 20.0, 41.96, 41.58, 13.79, 20.0, 41.96, 41.58, 13.79, 20.0, 41.96, 41.58, 13.79, 20.0, 41.96, 41.58, 13.79, 20.0, 41.96, 41.58, 13.79, 20.0, 41.96, 41.58, 13.79, 20.0, 41.96, 41.58, 13.79, 20.0, 41.96, 41.58, 13.79, 20.0, 41.96, 41.58, 13.79, 20.0] | Shifted: No
Round 37 | Mean Acc: 29.22% | Domain Accs: [41.52, 41.58, 13.79, 20.0, 41.52, 41.58, 13.79, 20.0, 41.52, 41.58, 13.79, 20.0, 41.52, 41.58, 13.79, 20.0, 41.52, 41.58, 13.79, 20.0, 41.52, 41.58, 13.79, 20.0, 41.52, 41.58, 13.79, 20.0, 41.52, 41.58, 13.79, 20.0, 41.52, 41.58, 13.79, 20.0, 41.52, 41.58, 13.79, 20.0, 41.52, 41.58, 13.79, 20.0, 41.52, 41.58, 13.79, 20.0, 41.52, 41.58, 13.79, 20.0, 41.52, 41.58, 13.79, 20.0, 41.52, 41.58, 13.79, 20.0, 41.52, 41.58, 13.79, 20.0] | Shifted: No
Round 38 | Mean Acc: 29.33% | Domain Accs: [41.96, 41.58, 13.79, 20.0, 41.96, 41.58, 13.79, 20.0, 41.96, 41.58, 13.79, 20.0, 41.96, 41.58, 13.79, 20.0, 41.96, 41.58, 13.79, 20.0, 41.96, 41.58, 13.79, 20.0, 41.96, 41.58, 13.79, 20.0, 41.96, 41.58, 13.79, 20.0, 41.96, 41.58, 13.79, 20.0, 41.96, 41.58, 13.79, 20.0, 41.96, 41.58, 13.79, 20.0, 41.96, 41.58, 13.79, 20.0, 41.96, 41.58, 13.79, 20.0, 41.96, 41.58, 13.79, 20.0, 41.96, 41.58, 13.79, 20.0, 41.96, 41.58, 13.79, 20.0] | Shifted: No
Round 39 | Mean Acc: 29.33% | Domain Accs: [41.96, 41.58, 13.79, 20.0, 41.96, 41.58, 13.79, 20.0, 41.96, 41.58, 13.79, 20.0, 41.96, 41.58, 13.79, 20.0, 41.96, 41.58, 13.79, 20.0, 41.96, 41.58, 13.79, 20.0, 41.96, 41.58, 13.79, 20.0, 41.96, 41.58, 13.79, 20.0, 41.96, 41.58, 13.79, 20.0, 41.96, 41.58, 13.79, 20.0, 41.96, 41.58, 13.79, 20.0, 41.96, 41.58, 13.79, 20.0, 41.96, 41.58, 13.79, 20.0, 41.96, 41.58, 13.79, 20.0, 41.96, 41.58, 13.79, 20.0, 41.96, 41.58, 13.79, 20.0] | Shifted: No
===== DOMAIN SHIFT AT ROUND 40 =====
New domain distribution:
  caltech: 3 clients
  amazon: 0 clients
  webcam: 5 clients
  dslr: 2 clients

Round 40 | Mean Acc: 29.36% | Domain Accs: [41.52, 42.11, 13.79, 20.0, 41.52, 42.11, 13.79, 20.0, 41.52, 42.11, 13.79, 20.0, 41.52, 42.11, 13.79, 20.0, 41.52, 42.11, 13.79, 20.0, 41.52, 42.11, 13.79, 20.0, 41.52, 42.11, 13.79, 20.0, 41.52, 42.11, 13.79, 20.0, 41.52, 42.11, 13.79, 20.0, 41.52, 42.11, 13.79, 20.0, 41.52, 42.11, 13.79, 20.0, 41.52, 42.11, 13.79, 20.0, 41.52, 42.11, 13.79, 20.0, 41.52, 42.11, 13.79, 20.0, 41.52, 42.11, 13.79, 20.0, 41.52, 42.11, 13.79, 20.0] | Shifted: Yes
Round 41 | Mean Acc: 29.54% | Domain Accs: [41.07, 41.58, 15.52, 20.0, 41.07, 41.58, 15.52, 20.0, 41.07, 41.58, 15.52, 20.0, 41.07, 41.58, 15.52, 20.0, 41.07, 41.58, 15.52, 20.0, 41.07, 41.58, 15.52, 20.0, 41.07, 41.58, 15.52, 20.0, 41.07, 41.58, 15.52, 20.0, 41.07, 41.58, 15.52, 20.0, 41.07, 41.58, 15.52, 20.0, 41.07, 41.58, 15.52, 20.0, 41.07, 41.58, 15.52, 20.0, 41.07, 41.58, 15.52, 20.0, 41.07, 41.58, 15.52, 20.0, 41.07, 41.58, 15.52, 20.0, 41.07, 41.58, 15.52, 20.0] | Shifted: No
Round 42 | Mean Acc: 29.63% | Domain Accs: [41.96, 41.05, 15.52, 20.0, 41.96, 41.05, 15.52, 20.0, 41.96, 41.05, 15.52, 20.0, 41.96, 41.05, 15.52, 20.0, 41.96, 41.05, 15.52, 20.0, 41.96, 41.05, 15.52, 20.0, 41.96, 41.05, 15.52, 20.0, 41.96, 41.05, 15.52, 20.0, 41.96, 41.05, 15.52, 20.0, 41.96, 41.05, 15.52, 20.0, 41.96, 41.05, 15.52, 20.0, 41.96, 41.05, 15.52, 20.0, 41.96, 41.05, 15.52, 20.0, 41.96, 41.05, 15.52, 20.0, 41.96, 41.05, 15.52, 20.0, 41.96, 41.05, 15.52, 20.0] | Shifted: No
Round 43 | Mean Acc: 30.58% | Domain Accs: [42.41, 41.05, 15.52, 23.33, 42.41, 41.05, 15.52, 23.33, 42.41, 41.05, 15.52, 23.33, 42.41, 41.05, 15.52, 23.33, 42.41, 41.05, 15.52, 23.33, 42.41, 41.05, 15.52, 23.33, 42.41, 41.05, 15.52, 23.33, 42.41, 41.05, 15.52, 23.33, 42.41, 41.05, 15.52, 23.33, 42.41, 41.05, 15.52, 23.33, 42.41, 41.05, 15.52, 23.33, 42.41, 41.05, 15.52, 23.33, 42.41, 41.05, 15.52, 23.33, 42.41, 41.05, 15.52, 23.33, 42.41, 41.05, 15.52, 23.33, 42.41, 41.05, 15.52, 23.33] | Shifted: No
Round 44 | Mean Acc: 30.05% | Domain Accs: [41.52, 41.58, 13.79, 23.33, 41.52, 41.58, 13.79, 23.33, 41.52, 41.58, 13.79, 23.33, 41.52, 41.58, 13.79, 23.33, 41.52, 41.58, 13.79, 23.33, 41.52, 41.58, 13.79, 23.33, 41.52, 41.58, 13.79, 23.33, 41.52, 41.58, 13.79, 23.33, 41.52, 41.58, 13.79, 23.33, 41.52, 41.58, 13.79, 23.33, 41.52, 41.58, 13.79, 23.33, 41.52, 41.58, 13.79, 23.33, 41.52, 41.58, 13.79, 23.33, 41.52, 41.58, 13.79, 23.33, 41.52, 41.58, 13.79, 23.33, 41.52, 41.58, 13.79, 23.33] | Shifted: No
===== DOMAIN SHIFT AT ROUND 45 =====
New domain distribution:
  caltech: 2 clients
  amazon: 2 clients
  webcam: 3 clients
  dslr: 3 clients

Round 45 | Mean Acc: 29.28% | Domain Accs: [41.07, 40.53, 15.52, 20.0, 41.07, 40.53, 15.52, 20.0, 41.07, 40.53, 15.52, 20.0, 41.07, 40.53, 15.52, 20.0, 41.07, 40.53, 15.52, 20.0, 41.07, 40.53, 15.52, 20.0, 41.07, 40.53, 15.52, 20.0, 41.07, 40.53, 15.52, 20.0, 41.07, 40.53, 15.52, 20.0, 41.07, 40.53, 15.52, 20.0, 41.07, 40.53, 15.52, 20.0, 41.07, 40.53, 15.52, 20.0, 41.07, 40.53, 15.52, 20.0, 41.07, 40.53, 15.52, 20.0, 41.07, 40.53, 15.52, 20.0, 41.07, 40.53, 15.52, 20.0] | Shifted: Yes
Round 46 | Mean Acc: 29.79% | Domain Accs: [42.86, 42.63, 10.34, 23.33, 42.86, 42.63, 10.34, 23.33, 42.86, 42.63, 10.34, 23.33, 42.86, 42.63, 10.34, 23.33, 42.86, 42.63, 10.34, 23.33, 42.86, 42.63, 10.34, 23.33, 42.86, 42.63, 10.34, 23.33, 42.86, 42.63, 10.34, 23.33, 42.86, 42.63, 10.34, 23.33, 42.86, 42.63, 10.34, 23.33, 42.86, 42.63, 10.34, 23.33, 42.86, 42.63, 10.34, 23.33, 42.86, 42.63, 10.34, 23.33, 42.86, 42.63, 10.34, 23.33, 42.86, 42.63, 10.34, 23.33, 42.86, 42.63, 10.34, 23.33] | Shifted: No
Round 47 | Mean Acc: 29.42% | Domain Accs: [42.86, 42.63, 15.52, 16.67, 42.86, 42.63, 15.52, 16.67, 42.86, 42.63, 15.52, 16.67, 42.86, 42.63, 15.52, 16.67, 42.86, 42.63, 15.52, 16.67, 42.86, 42.63, 15.52, 16.67, 42.86, 42.63, 15.52, 16.67, 42.86, 42.63, 15.52, 16.67, 42.86, 42.63, 15.52, 16.67, 42.86, 42.63, 15.52, 16.67, 42.86, 42.63, 15.52, 16.67, 42.86, 42.63, 15.52, 16.67, 42.86, 42.63, 15.52, 16.67, 42.86, 42.63, 15.52, 16.67, 42.86, 42.63, 15.52, 16.67, 42.86, 42.63, 15.52, 16.67] | Shifted: No
Round 48 | Mean Acc: 29.36% | Domain Accs: [41.52, 42.11, 13.79, 20.0, 41.52, 42.11, 13.79, 20.0, 41.52, 42.11, 13.79, 20.0, 41.52, 42.11, 13.79, 20.0, 41.52, 42.11, 13.79, 20.0, 41.52, 42.11, 13.79, 20.0, 41.52, 42.11, 13.79, 20.0, 41.52, 42.11, 13.79, 20.0, 41.52, 42.11, 13.79, 20.0, 41.52, 42.11, 13.79, 20.0, 41.52, 42.11, 13.79, 20.0, 41.52, 42.11, 13.79, 20.0, 41.52, 42.11, 13.79, 20.0, 41.52, 42.11, 13.79, 20.0, 41.52, 42.11, 13.79, 20.0, 41.52, 42.11, 13.79, 20.0] | Shifted: No
Round 49 | Mean Acc: 29.57% | Domain Accs: [40.62, 40.53, 13.79, 23.33, 40.62, 40.53, 13.79, 23.33, 40.62, 40.53, 13.79, 23.33, 40.62, 40.53, 13.79, 23.33, 40.62, 40.53, 13.79, 23.33, 40.62, 40.53, 13.79, 23.33, 40.62, 40.53, 13.79, 23.33, 40.62, 40.53, 13.79, 23.33, 40.62, 40.53, 13.79, 23.33, 40.62, 40.53, 13.79, 23.33, 40.62, 40.53, 13.79, 23.33, 40.62, 40.53, 13.79, 23.33, 40.62, 40.53, 13.79, 23.33, 40.62, 40.53, 13.79, 23.33, 40.62, 40.53, 13.79, 23.33, 40.62, 40.53, 13.79, 23.33] | Shifted: No
===== DOMAIN SHIFT AT ROUND 50 =====
New domain distribution:
  caltech: 5 clients
  amazon: 2 clients
  webcam: 2 clients
  dslr: 1 clients

Round 50 | Mean Acc: 27.05% | Domain Accs: [42.41, 42.11, 10.34, 13.33, 42.41, 42.11, 10.34, 13.33, 42.41, 42.11, 10.34, 13.33, 42.41, 42.11, 10.34, 13.33, 42.41, 42.11, 10.34, 13.33, 42.41, 42.11, 10.34, 13.33, 42.41, 42.11, 10.34, 13.33, 42.41, 42.11, 10.34, 13.33, 42.41, 42.11, 10.34, 13.33, 42.41, 42.11, 10.34, 13.33, 42.41, 42.11, 10.34, 13.33, 42.41, 42.11, 10.34, 13.33, 42.41, 42.11, 10.34, 13.33, 42.41, 42.11, 10.34, 13.33, 42.41, 42.11, 10.34, 13.33, 42.41, 42.11, 10.34, 13.33] | Shifted: Yes
Round 51 | Mean Acc: 34.72% | Domain Accs: [44.64, 45.26, 18.97, 30.0, 44.64, 45.26, 18.97, 30.0, 44.64, 45.26, 18.97, 30.0, 44.64, 45.26, 18.97, 30.0, 44.64, 45.26, 18.97, 30.0, 44.64, 45.26, 18.97, 30.0, 44.64, 45.26, 18.97, 30.0, 44.64, 45.26, 18.97, 30.0, 44.64, 45.26, 18.97, 30.0, 44.64, 45.26, 18.97, 30.0, 44.64, 45.26, 18.97, 30.0, 44.64, 45.26, 18.97, 30.0, 44.64, 45.26, 18.97, 30.0, 44.64, 45.26, 18.97, 30.0, 44.64, 45.26, 18.97, 30.0, 44.64, 45.26, 18.97, 30.0] | Shifted: No
  ★ New best accuracy: 34.72%
Round 52 | Mean Acc: 32.63% | Domain Accs: [44.64, 43.68, 15.52, 26.67, 44.64, 43.68, 15.52, 26.67, 44.64, 43.68, 15.52, 26.67, 44.64, 43.68, 15.52, 26.67, 44.64, 43.68, 15.52, 26.67, 44.64, 43.68, 15.52, 26.67, 44.64, 43.68, 15.52, 26.67, 44.64, 43.68, 15.52, 26.67, 44.64, 43.68, 15.52, 26.67, 44.64, 43.68, 15.52, 26.67, 44.64, 43.68, 15.52, 26.67, 44.64, 43.68, 15.52, 26.67, 44.64, 43.68, 15.52, 26.67, 44.64, 43.68, 15.52, 26.67, 44.64, 43.68, 15.52, 26.67, 44.64, 43.68, 15.52, 26.67] | Shifted: No
Round 53 | Mean Acc: 30.67% | Domain Accs: [42.41, 43.16, 13.79, 23.33, 42.41, 43.16, 13.79, 23.33, 42.41, 43.16, 13.79, 23.33, 42.41, 43.16, 13.79, 23.33, 42.41, 43.16, 13.79, 23.33, 42.41, 43.16, 13.79, 23.33, 42.41, 43.16, 13.79, 23.33, 42.41, 43.16, 13.79, 23.33, 42.41, 43.16, 13.79, 23.33, 42.41, 43.16, 13.79, 23.33, 42.41, 43.16, 13.79, 23.33, 42.41, 43.16, 13.79, 23.33, 42.41, 43.16, 13.79, 23.33, 42.41, 43.16, 13.79, 23.33, 42.41, 43.16, 13.79, 23.33, 42.41, 43.16, 13.79, 23.33] | Shifted: No
Round 54 | Mean Acc: 30.67% | Domain Accs: [42.41, 43.16, 13.79, 23.33, 42.41, 43.16, 13.79, 23.33, 42.41, 43.16, 13.79, 23.33, 42.41, 43.16, 13.79, 23.33, 42.41, 43.16, 13.79, 23.33, 42.41, 43.16, 13.79, 23.33, 42.41, 43.16, 13.79, 23.33, 42.41, 43.16, 13.79, 23.33, 42.41, 43.16, 13.79, 23.33, 42.41, 43.16, 13.79, 23.33, 42.41, 43.16, 13.79, 23.33, 42.41, 43.16, 13.79, 23.33, 42.41, 43.16, 13.79, 23.33, 42.41, 43.16, 13.79, 23.33, 42.41, 43.16, 13.79, 23.33, 42.41, 43.16, 13.79, 23.33] | Shifted: No
===== DOMAIN SHIFT AT ROUND 55 =====
New domain distribution:
  caltech: 4 clients
  amazon: 2 clients
  webcam: 1 clients
  dslr: 3 clients

Round 55 | Mean Acc: 31.04% | Domain Accs: [41.07, 42.63, 13.79, 26.67, 41.07, 42.63, 13.79, 26.67, 41.07, 42.63, 13.79, 26.67, 41.07, 42.63, 13.79, 26.67, 41.07, 42.63, 13.79, 26.67, 41.07, 42.63, 13.79, 26.67, 41.07, 42.63, 13.79, 26.67, 41.07, 42.63, 13.79, 26.67, 41.07, 42.63, 13.79, 26.67, 41.07, 42.63, 13.79, 26.67, 41.07, 42.63, 13.79, 26.67, 41.07, 42.63, 13.79, 26.67, 41.07, 42.63, 13.79, 26.67, 41.07, 42.63, 13.79, 26.67, 41.07, 42.63, 13.79, 26.67, 41.07, 42.63, 13.79, 26.67] | Shifted: Yes
Round 56 | Mean Acc: 30.87% | Domain Accs: [41.96, 41.05, 13.79, 26.67, 41.96, 41.05, 13.79, 26.67, 41.96, 41.05, 13.79, 26.67, 41.96, 41.05, 13.79, 26.67, 41.96, 41.05, 13.79, 26.67, 41.96, 41.05, 13.79, 26.67, 41.96, 41.05, 13.79, 26.67, 41.96, 41.05, 13.79, 26.67, 41.96, 41.05, 13.79, 26.67, 41.96, 41.05, 13.79, 26.67, 41.96, 41.05, 13.79, 26.67, 41.96, 41.05, 13.79, 26.67, 41.96, 41.05, 13.79, 26.67, 41.96, 41.05, 13.79, 26.67, 41.96, 41.05, 13.79, 26.67, 41.96, 41.05, 13.79, 26.67] | Shifted: No
Round 57 | Mean Acc: 31.13% | Domain Accs: [41.96, 42.11, 13.79, 26.67, 41.96, 42.11, 13.79, 26.67, 41.96, 42.11, 13.79, 26.67, 41.96, 42.11, 13.79, 26.67, 41.96, 42.11, 13.79, 26.67, 41.96, 42.11, 13.79, 26.67, 41.96, 42.11, 13.79, 26.67, 41.96, 42.11, 13.79, 26.67, 41.96, 42.11, 13.79, 26.67, 41.96, 42.11, 13.79, 26.67, 41.96, 42.11, 13.79, 26.67, 41.96, 42.11, 13.79, 26.67, 41.96, 42.11, 13.79, 26.67, 41.96, 42.11, 13.79, 26.67, 41.96, 42.11, 13.79, 26.67, 41.96, 42.11, 13.79, 26.67] | Shifted: No
Round 58 | Mean Acc: 30.43% | Domain Accs: [41.96, 42.63, 13.79, 23.33, 41.96, 42.63, 13.79, 23.33, 41.96, 42.63, 13.79, 23.33, 41.96, 42.63, 13.79, 23.33, 41.96, 42.63, 13.79, 23.33, 41.96, 42.63, 13.79, 23.33, 41.96, 42.63, 13.79, 23.33, 41.96, 42.63, 13.79, 23.33, 41.96, 42.63, 13.79, 23.33, 41.96, 42.63, 13.79, 23.33, 41.96, 42.63, 13.79, 23.33, 41.96, 42.63, 13.79, 23.33, 41.96, 42.63, 13.79, 23.33, 41.96, 42.63, 13.79, 23.33, 41.96, 42.63, 13.79, 23.33, 41.96, 42.63, 13.79, 23.33] | Shifted: No
Round 59 | Mean Acc: 30.30% | Domain Accs: [41.96, 42.11, 13.79, 23.33, 41.96, 42.11, 13.79, 23.33, 41.96, 42.11, 13.79, 23.33, 41.96, 42.11, 13.79, 23.33, 41.96, 42.11, 13.79, 23.33, 41.96, 42.11, 13.79, 23.33, 41.96, 42.11, 13.79, 23.33, 41.96, 42.11, 13.79, 23.33, 41.96, 42.11, 13.79, 23.33, 41.96, 42.11, 13.79, 23.33, 41.96, 42.11, 13.79, 23.33, 41.96, 42.11, 13.79, 23.33, 41.96, 42.11, 13.79, 23.33, 41.96, 42.11, 13.79, 23.33, 41.96, 42.11, 13.79, 23.33, 41.96, 42.11, 13.79, 23.33] | Shifted: No
===== DOMAIN SHIFT AT ROUND 60 =====
New domain distribution:
  caltech: 4 clients
  amazon: 2 clients
  webcam: 2 clients
  dslr: 2 clients

Round 60 | Mean Acc: 30.01% | Domain Accs: [42.41, 42.11, 15.52, 20.0, 42.41, 42.11, 15.52, 20.0, 42.41, 42.11, 15.52, 20.0, 42.41, 42.11, 15.52, 20.0, 42.41, 42.11, 15.52, 20.0, 42.41, 42.11, 15.52, 20.0, 42.41, 42.11, 15.52, 20.0, 42.41, 42.11, 15.52, 20.0, 42.41, 42.11, 15.52, 20.0, 42.41, 42.11, 15.52, 20.0, 42.41, 42.11, 15.52, 20.0, 42.41, 42.11, 15.52, 20.0, 42.41, 42.11, 15.52, 20.0, 42.41, 42.11, 15.52, 20.0, 42.41, 42.11, 15.52, 20.0, 42.41, 42.11, 15.52, 20.0] | Shifted: Yes
Round 61 | Mean Acc: 29.15% | Domain Accs: [42.41, 42.11, 12.07, 20.0, 42.41, 42.11, 12.07, 20.0, 42.41, 42.11, 12.07, 20.0, 42.41, 42.11, 12.07, 20.0, 42.41, 42.11, 12.07, 20.0, 42.41, 42.11, 12.07, 20.0, 42.41, 42.11, 12.07, 20.0, 42.41, 42.11, 12.07, 20.0, 42.41, 42.11, 12.07, 20.0, 42.41, 42.11, 12.07, 20.0, 42.41, 42.11, 12.07, 20.0, 42.41, 42.11, 12.07, 20.0, 42.41, 42.11, 12.07, 20.0, 42.41, 42.11, 12.07, 20.0, 42.41, 42.11, 12.07, 20.0, 42.41, 42.11, 12.07, 20.0] | Shifted: No
Round 62 | Mean Acc: 30.79% | Domain Accs: [42.86, 43.16, 13.79, 23.33, 42.86, 43.16, 13.79, 23.33, 42.86, 43.16, 13.79, 23.33, 42.86, 43.16, 13.79, 23.33, 42.86, 43.16, 13.79, 23.33, 42.86, 43.16, 13.79, 23.33, 42.86, 43.16, 13.79, 23.33, 42.86, 43.16, 13.79, 23.33, 42.86, 43.16, 13.79, 23.33, 42.86, 43.16, 13.79, 23.33, 42.86, 43.16, 13.79, 23.33, 42.86, 43.16, 13.79, 23.33, 42.86, 43.16, 13.79, 23.33, 42.86, 43.16, 13.79, 23.33, 42.86, 43.16, 13.79, 23.33, 42.86, 43.16, 13.79, 23.33] | Shifted: No
Round 63 | Mean Acc: 30.97% | Domain Accs: [42.41, 42.63, 15.52, 23.33, 42.41, 42.63, 15.52, 23.33, 42.41, 42.63, 15.52, 23.33, 42.41, 42.63, 15.52, 23.33, 42.41, 42.63, 15.52, 23.33, 42.41, 42.63, 15.52, 23.33, 42.41, 42.63, 15.52, 23.33, 42.41, 42.63, 15.52, 23.33, 42.41, 42.63, 15.52, 23.33, 42.41, 42.63, 15.52, 23.33, 42.41, 42.63, 15.52, 23.33, 42.41, 42.63, 15.52, 23.33, 42.41, 42.63, 15.52, 23.33, 42.41, 42.63, 15.52, 23.33, 42.41, 42.63, 15.52, 23.33, 42.41, 42.63, 15.52, 23.33] | Shifted: No
Round 64 | Mean Acc: 29.58% | Domain Accs: [42.41, 42.11, 13.79, 20.0, 42.41, 42.11, 13.79, 20.0, 42.41, 42.11, 13.79, 20.0, 42.41, 42.11, 13.79, 20.0, 42.41, 42.11, 13.79, 20.0, 42.41, 42.11, 13.79, 20.0, 42.41, 42.11, 13.79, 20.0, 42.41, 42.11, 13.79, 20.0, 42.41, 42.11, 13.79, 20.0, 42.41, 42.11, 13.79, 20.0, 42.41, 42.11, 13.79, 20.0, 42.41, 42.11, 13.79, 20.0, 42.41, 42.11, 13.79, 20.0, 42.41, 42.11, 13.79, 20.0, 42.41, 42.11, 13.79, 20.0, 42.41, 42.11, 13.79, 20.0] | Shifted: No
===== DOMAIN SHIFT AT ROUND 65 =====
New domain distribution:
  caltech: 4 clients
  amazon: 2 clients
  webcam: 3 clients
  dslr: 1 clients

Round 65 | Mean Acc: 29.90% | Domain Accs: [41.96, 42.11, 15.52, 20.0, 41.96, 42.11, 15.52, 20.0, 41.96, 42.11, 15.52, 20.0, 41.96, 42.11, 15.52, 20.0, 41.96, 42.11, 15.52, 20.0, 41.96, 42.11, 15.52, 20.0, 41.96, 42.11, 15.52, 20.0, 41.96, 42.11, 15.52, 20.0, 41.96, 42.11, 15.52, 20.0, 41.96, 42.11, 15.52, 20.0, 41.96, 42.11, 15.52, 20.0, 41.96, 42.11, 15.52, 20.0, 41.96, 42.11, 15.52, 20.0, 41.96, 42.11, 15.52, 20.0, 41.96, 42.11, 15.52, 20.0, 41.96, 42.11, 15.52, 20.0] | Shifted: Yes
Round 66 | Mean Acc: 29.94% | Domain Accs: [41.07, 43.16, 15.52, 20.0, 41.07, 43.16, 15.52, 20.0, 41.07, 43.16, 15.52, 20.0, 41.07, 43.16, 15.52, 20.0, 41.07, 43.16, 15.52, 20.0, 41.07, 43.16, 15.52, 20.0, 41.07, 43.16, 15.52, 20.0, 41.07, 43.16, 15.52, 20.0, 41.07, 43.16, 15.52, 20.0, 41.07, 43.16, 15.52, 20.0, 41.07, 43.16, 15.52, 20.0, 41.07, 43.16, 15.52, 20.0, 41.07, 43.16, 15.52, 20.0, 41.07, 43.16, 15.52, 20.0, 41.07, 43.16, 15.52, 20.0, 41.07, 43.16, 15.52, 20.0] | Shifted: No
Round 67 | Mean Acc: 29.05% | Domain Accs: [41.52, 42.63, 12.07, 20.0, 41.52, 42.63, 12.07, 20.0, 41.52, 42.63, 12.07, 20.0, 41.52, 42.63, 12.07, 20.0, 41.52, 42.63, 12.07, 20.0, 41.52, 42.63, 12.07, 20.0, 41.52, 42.63, 12.07, 20.0, 41.52, 42.63, 12.07, 20.0, 41.52, 42.63, 12.07, 20.0, 41.52, 42.63, 12.07, 20.0, 41.52, 42.63, 12.07, 20.0, 41.52, 42.63, 12.07, 20.0, 41.52, 42.63, 12.07, 20.0, 41.52, 42.63, 12.07, 20.0, 41.52, 42.63, 12.07, 20.0, 41.52, 42.63, 12.07, 20.0] | Shifted: No
Round 68 | Mean Acc: 28.93% | Domain Accs: [41.52, 42.11, 12.07, 20.0, 41.52, 42.11, 12.07, 20.0, 41.52, 42.11, 12.07, 20.0, 41.52, 42.11, 12.07, 20.0, 41.52, 42.11, 12.07, 20.0, 41.52, 42.11, 12.07, 20.0, 41.52, 42.11, 12.07, 20.0, 41.52, 42.11, 12.07, 20.0, 41.52, 42.11, 12.07, 20.0, 41.52, 42.11, 12.07, 20.0, 41.52, 42.11, 12.07, 20.0, 41.52, 42.11, 12.07, 20.0, 41.52, 42.11, 12.07, 20.0, 41.52, 42.11, 12.07, 20.0, 41.52, 42.11, 12.07, 20.0, 41.52, 42.11, 12.07, 20.0] | Shifted: No
Round 69 | Mean Acc: 28.81% | Domain Accs: [41.07, 42.11, 12.07, 20.0, 41.07, 42.11, 12.07, 20.0, 41.07, 42.11, 12.07, 20.0, 41.07, 42.11, 12.07, 20.0, 41.07, 42.11, 12.07, 20.0, 41.07, 42.11, 12.07, 20.0, 41.07, 42.11, 12.07, 20.0, 41.07, 42.11, 12.07, 20.0, 41.07, 42.11, 12.07, 20.0, 41.07, 42.11, 12.07, 20.0, 41.07, 42.11, 12.07, 20.0, 41.07, 42.11, 12.07, 20.0, 41.07, 42.11, 12.07, 20.0, 41.07, 42.11, 12.07, 20.0, 41.07, 42.11, 12.07, 20.0, 41.07, 42.11, 12.07, 20.0] | Shifted: No
===== DOMAIN SHIFT AT ROUND 70 =====
New domain distribution:
  caltech: 4 clients
  amazon: 4 clients
  webcam: 1 clients
  dslr: 1 clients

Round 70 | Mean Acc: 28.81% | Domain Accs: [41.07, 42.11, 12.07, 20.0, 41.07, 42.11, 12.07, 20.0, 41.07, 42.11, 12.07, 20.0, 41.07, 42.11, 12.07, 20.0, 41.07, 42.11, 12.07, 20.0, 41.07, 42.11, 12.07, 20.0, 41.07, 42.11, 12.07, 20.0, 41.07, 42.11, 12.07, 20.0, 41.07, 42.11, 12.07, 20.0, 41.07, 42.11, 12.07, 20.0, 41.07, 42.11, 12.07, 20.0, 41.07, 42.11, 12.07, 20.0, 41.07, 42.11, 12.07, 20.0, 41.07, 42.11, 12.07, 20.0, 41.07, 42.11, 12.07, 20.0, 41.07, 42.11, 12.07, 20.0] | Shifted: Yes
Round 71 | Mean Acc: 28.00% | Domain Accs: [40.62, 41.05, 10.34, 20.0, 40.62, 41.05, 10.34, 20.0, 40.62, 41.05, 10.34, 20.0, 40.62, 41.05, 10.34, 20.0, 40.62, 41.05, 10.34, 20.0, 40.62, 41.05, 10.34, 20.0, 40.62, 41.05, 10.34, 20.0, 40.62, 41.05, 10.34, 20.0, 40.62, 41.05, 10.34, 20.0, 40.62, 41.05, 10.34, 20.0, 40.62, 41.05, 10.34, 20.0, 40.62, 41.05, 10.34, 20.0, 40.62, 41.05, 10.34, 20.0, 40.62, 41.05, 10.34, 20.0, 40.62, 41.05, 10.34, 20.0, 40.62, 41.05, 10.34, 20.0] | Shifted: No
Round 72 | Mean Acc: 29.05% | Domain Accs: [41.52, 42.63, 12.07, 20.0, 41.52, 42.63, 12.07, 20.0, 41.52, 42.63, 12.07, 20.0, 41.52, 42.63, 12.07, 20.0, 41.52, 42.63, 12.07, 20.0, 41.52, 42.63, 12.07, 20.0, 41.52, 42.63, 12.07, 20.0, 41.52, 42.63, 12.07, 20.0, 41.52, 42.63, 12.07, 20.0, 41.52, 42.63, 12.07, 20.0, 41.52, 42.63, 12.07, 20.0, 41.52, 42.63, 12.07, 20.0, 41.52, 42.63, 12.07, 20.0, 41.52, 42.63, 12.07, 20.0, 41.52, 42.63, 12.07, 20.0, 41.52, 42.63, 12.07, 20.0] | Shifted: No
Round 73 | Mean Acc: 28.16% | Domain Accs: [40.62, 41.58, 13.79, 16.67, 40.62, 41.58, 13.79, 16.67, 40.62, 41.58, 13.79, 16.67, 40.62, 41.58, 13.79, 16.67, 40.62, 41.58, 13.79, 16.67, 40.62, 41.58, 13.79, 16.67, 40.62, 41.58, 13.79, 16.67, 40.62, 41.58, 13.79, 16.67, 40.62, 41.58, 13.79, 16.67, 40.62, 41.58, 13.79, 16.67, 40.62, 41.58, 13.79, 16.67, 40.62, 41.58, 13.79, 16.67, 40.62, 41.58, 13.79, 16.67, 40.62, 41.58, 13.79, 16.67, 40.62, 41.58, 13.79, 16.67, 40.62, 41.58, 13.79, 16.67] | Shifted: No
Round 74 | Mean Acc: 28.37% | Domain Accs: [41.96, 41.05, 13.79, 16.67, 41.96, 41.05, 13.79, 16.67, 41.96, 41.05, 13.79, 16.67, 41.96, 41.05, 13.79, 16.67, 41.96, 41.05, 13.79, 16.67, 41.96, 41.05, 13.79, 16.67, 41.96, 41.05, 13.79, 16.67, 41.96, 41.05, 13.79, 16.67, 41.96, 41.05, 13.79, 16.67, 41.96, 41.05, 13.79, 16.67, 41.96, 41.05, 13.79, 16.67, 41.96, 41.05, 13.79, 16.67, 41.96, 41.05, 13.79, 16.67, 41.96, 41.05, 13.79, 16.67, 41.96, 41.05, 13.79, 16.67, 41.96, 41.05, 13.79, 16.67] | Shifted: No
===== DOMAIN SHIFT AT ROUND 75 =====
New domain distribution:
  caltech: 7 clients
  amazon: 2 clients
  webcam: 0 clients
  dslr: 1 clients

Round 75 | Mean Acc: 27.96% | Domain Accs: [41.52, 41.58, 12.07, 16.67, 41.52, 41.58, 12.07, 16.67, 41.52, 41.58, 12.07, 16.67, 41.52, 41.58, 12.07, 16.67, 41.52, 41.58, 12.07, 16.67, 41.52, 41.58, 12.07, 16.67, 41.52, 41.58, 12.07, 16.67, 41.52, 41.58, 12.07, 16.67, 41.52, 41.58, 12.07, 16.67, 41.52, 41.58, 12.07, 16.67, 41.52, 41.58, 12.07, 16.67, 41.52, 41.58, 12.07, 16.67, 41.52, 41.58, 12.07, 16.67, 41.52, 41.58, 12.07, 16.67, 41.52, 41.58, 12.07, 16.67, 41.52, 41.58, 12.07, 16.67] | Shifted: Yes
Round 76 | Mean Acc: 28.28% | Domain Accs: [41.07, 41.58, 13.79, 16.67, 41.07, 41.58, 13.79, 16.67, 41.07, 41.58, 13.79, 16.67, 41.07, 41.58, 13.79, 16.67, 41.07, 41.58, 13.79, 16.67, 41.07, 41.58, 13.79, 16.67, 41.07, 41.58, 13.79, 16.67, 41.07, 41.58, 13.79, 16.67, 41.07, 41.58, 13.79, 16.67, 41.07, 41.58, 13.79, 16.67, 41.07, 41.58, 13.79, 16.67, 41.07, 41.58, 13.79, 16.67, 41.07, 41.58, 13.79, 16.67, 41.07, 41.58, 13.79, 16.67, 41.07, 41.58, 13.79, 16.67, 41.07, 41.58, 13.79, 16.67] | Shifted: No
Round 77 | Mean Acc: 29.11% | Domain Accs: [41.07, 41.58, 13.79, 20.0, 41.07, 41.58, 13.79, 20.0, 41.07, 41.58, 13.79, 20.0, 41.07, 41.58, 13.79, 20.0, 41.07, 41.58, 13.79, 20.0, 41.07, 41.58, 13.79, 20.0, 41.07, 41.58, 13.79, 20.0, 41.07, 41.58, 13.79, 20.0, 41.07, 41.58, 13.79, 20.0, 41.07, 41.58, 13.79, 20.0, 41.07, 41.58, 13.79, 20.0, 41.07, 41.58, 13.79, 20.0, 41.07, 41.58, 13.79, 20.0, 41.07, 41.58, 13.79, 20.0, 41.07, 41.58, 13.79, 20.0, 41.07, 41.58, 13.79, 20.0] | Shifted: No
Round 78 | Mean Acc: 29.11% | Domain Accs: [41.07, 41.58, 13.79, 20.0, 41.07, 41.58, 13.79, 20.0, 41.07, 41.58, 13.79, 20.0, 41.07, 41.58, 13.79, 20.0, 41.07, 41.58, 13.79, 20.0, 41.07, 41.58, 13.79, 20.0, 41.07, 41.58, 13.79, 20.0, 41.07, 41.58, 13.79, 20.0, 41.07, 41.58, 13.79, 20.0, 41.07, 41.58, 13.79, 20.0, 41.07, 41.58, 13.79, 20.0, 41.07, 41.58, 13.79, 20.0, 41.07, 41.58, 13.79, 20.0, 41.07, 41.58, 13.79, 20.0, 41.07, 41.58, 13.79, 20.0, 41.07, 41.58, 13.79, 20.0] | Shifted: No
Round 79 | Mean Acc: 28.14% | Domain Accs: [41.07, 41.05, 13.79, 16.67, 41.07, 41.05, 13.79, 16.67, 41.07, 41.05, 13.79, 16.67, 41.07, 41.05, 13.79, 16.67, 41.07, 41.05, 13.79, 16.67, 41.07, 41.05, 13.79, 16.67, 41.07, 41.05, 13.79, 16.67, 41.07, 41.05, 13.79, 16.67, 41.07, 41.05, 13.79, 16.67, 41.07, 41.05, 13.79, 16.67, 41.07, 41.05, 13.79, 16.67, 41.07, 41.05, 13.79, 16.67, 41.07, 41.05, 13.79, 16.67, 41.07, 41.05, 13.79, 16.67, 41.07, 41.05, 13.79, 16.67, 41.07, 41.05, 13.79, 16.67] | Shifted: No
===== DOMAIN SHIFT AT ROUND 80 =====
New domain distribution:
  caltech: 4 clients
  amazon: 2 clients
  webcam: 2 clients
  dslr: 2 clients

Round 80 | Mean Acc: 28.61% | Domain Accs: [42.41, 41.58, 13.79, 16.67, 42.41, 41.58, 13.79, 16.67, 42.41, 41.58, 13.79, 16.67, 42.41, 41.58, 13.79, 16.67, 42.41, 41.58, 13.79, 16.67, 42.41, 41.58, 13.79, 16.67, 42.41, 41.58, 13.79, 16.67, 42.41, 41.58, 13.79, 16.67, 42.41, 41.58, 13.79, 16.67, 42.41, 41.58, 13.79, 16.67, 42.41, 41.58, 13.79, 16.67, 42.41, 41.58, 13.79, 16.67, 42.41, 41.58, 13.79, 16.67, 42.41, 41.58, 13.79, 16.67, 42.41, 41.58, 13.79, 16.67, 42.41, 41.58, 13.79, 16.67] | Shifted: Yes
Round 81 | Mean Acc: 28.48% | Domain Accs: [42.41, 41.05, 13.79, 16.67, 42.41, 41.05, 13.79, 16.67, 42.41, 41.05, 13.79, 16.67, 42.41, 41.05, 13.79, 16.67, 42.41, 41.05, 13.79, 16.67, 42.41, 41.05, 13.79, 16.67, 42.41, 41.05, 13.79, 16.67, 42.41, 41.05, 13.79, 16.67, 42.41, 41.05, 13.79, 16.67, 42.41, 41.05, 13.79, 16.67, 42.41, 41.05, 13.79, 16.67, 42.41, 41.05, 13.79, 16.67, 42.41, 41.05, 13.79, 16.67, 42.41, 41.05, 13.79, 16.67, 42.41, 41.05, 13.79, 16.67, 42.41, 41.05, 13.79, 16.67] | Shifted: No
Round 82 | Mean Acc: 28.50% | Domain Accs: [41.96, 41.58, 13.79, 16.67, 41.96, 41.58, 13.79, 16.67, 41.96, 41.58, 13.79, 16.67, 41.96, 41.58, 13.79, 16.67, 41.96, 41.58, 13.79, 16.67, 41.96, 41.58, 13.79, 16.67, 41.96, 41.58, 13.79, 16.67, 41.96, 41.58, 13.79, 16.67, 41.96, 41.58, 13.79, 16.67, 41.96, 41.58, 13.79, 16.67, 41.96, 41.58, 13.79, 16.67, 41.96, 41.58, 13.79, 16.67, 41.96, 41.58, 13.79, 16.67, 41.96, 41.58, 13.79, 16.67, 41.96, 41.58, 13.79, 16.67, 41.96, 41.58, 13.79, 16.67] | Shifted: No
Round 83 | Mean Acc: 28.61% | Domain Accs: [42.41, 41.58, 13.79, 16.67, 42.41, 41.58, 13.79, 16.67, 42.41, 41.58, 13.79, 16.67, 42.41, 41.58, 13.79, 16.67, 42.41, 41.58, 13.79, 16.67, 42.41, 41.58, 13.79, 16.67, 42.41, 41.58, 13.79, 16.67, 42.41, 41.58, 13.79, 16.67, 42.41, 41.58, 13.79, 16.67, 42.41, 41.58, 13.79, 16.67, 42.41, 41.58, 13.79, 16.67, 42.41, 41.58, 13.79, 16.67, 42.41, 41.58, 13.79, 16.67, 42.41, 41.58, 13.79, 16.67, 42.41, 41.58, 13.79, 16.67, 42.41, 41.58, 13.79, 16.67] | Shifted: No
Round 84 | Mean Acc: 28.61% | Domain Accs: [42.41, 41.58, 13.79, 16.67, 42.41, 41.58, 13.79, 16.67, 42.41, 41.58, 13.79, 16.67, 42.41, 41.58, 13.79, 16.67, 42.41, 41.58, 13.79, 16.67, 42.41, 41.58, 13.79, 16.67, 42.41, 41.58, 13.79, 16.67, 42.41, 41.58, 13.79, 16.67, 42.41, 41.58, 13.79, 16.67, 42.41, 41.58, 13.79, 16.67, 42.41, 41.58, 13.79, 16.67, 42.41, 41.58, 13.79, 16.67, 42.41, 41.58, 13.79, 16.67, 42.41, 41.58, 13.79, 16.67, 42.41, 41.58, 13.79, 16.67, 42.41, 41.58, 13.79, 16.67] | Shifted: No
===== DOMAIN SHIFT AT ROUND 85 =====
New domain distribution:
  caltech: 1 clients
  amazon: 3 clients
  webcam: 2 clients
  dslr: 4 clients

Round 85 | Mean Acc: 28.48% | Domain Accs: [42.41, 41.05, 13.79, 16.67, 42.41, 41.05, 13.79, 16.67, 42.41, 41.05, 13.79, 16.67, 42.41, 41.05, 13.79, 16.67, 42.41, 41.05, 13.79, 16.67, 42.41, 41.05, 13.79, 16.67, 42.41, 41.05, 13.79, 16.67, 42.41, 41.05, 13.79, 16.67, 42.41, 41.05, 13.79, 16.67, 42.41, 41.05, 13.79, 16.67, 42.41, 41.05, 13.79, 16.67, 42.41, 41.05, 13.79, 16.67, 42.41, 41.05, 13.79, 16.67, 42.41, 41.05, 13.79, 16.67, 42.41, 41.05, 13.79, 16.67, 42.41, 41.05, 13.79, 16.67] | Shifted: Yes
Round 86 | Mean Acc: 28.37% | Domain Accs: [41.96, 41.05, 13.79, 16.67, 41.96, 41.05, 13.79, 16.67, 41.96, 41.05, 13.79, 16.67, 41.96, 41.05, 13.79, 16.67, 41.96, 41.05, 13.79, 16.67, 41.96, 41.05, 13.79, 16.67, 41.96, 41.05, 13.79, 16.67, 41.96, 41.05, 13.79, 16.67, 41.96, 41.05, 13.79, 16.67, 41.96, 41.05, 13.79, 16.67, 41.96, 41.05, 13.79, 16.67, 41.96, 41.05, 13.79, 16.67, 41.96, 41.05, 13.79, 16.67, 41.96, 41.05, 13.79, 16.67, 41.96, 41.05, 13.79, 16.67, 41.96, 41.05, 13.79, 16.67] | Shifted: No
Round 87 | Mean Acc: 28.48% | Domain Accs: [42.41, 41.05, 13.79, 16.67, 42.41, 41.05, 13.79, 16.67, 42.41, 41.05, 13.79, 16.67, 42.41, 41.05, 13.79, 16.67, 42.41, 41.05, 13.79, 16.67, 42.41, 41.05, 13.79, 16.67, 42.41, 41.05, 13.79, 16.67, 42.41, 41.05, 13.79, 16.67, 42.41, 41.05, 13.79, 16.67, 42.41, 41.05, 13.79, 16.67, 42.41, 41.05, 13.79, 16.67, 42.41, 41.05, 13.79, 16.67, 42.41, 41.05, 13.79, 16.67, 42.41, 41.05, 13.79, 16.67, 42.41, 41.05, 13.79, 16.67, 42.41, 41.05, 13.79, 16.67] | Shifted: No
Round 88 | Mean Acc: 29.34% | Domain Accs: [43.75, 43.16, 13.79, 16.67, 43.75, 43.16, 13.79, 16.67, 43.75, 43.16, 13.79, 16.67, 43.75, 43.16, 13.79, 16.67, 43.75, 43.16, 13.79, 16.67, 43.75, 43.16, 13.79, 16.67, 43.75, 43.16, 13.79, 16.67, 43.75, 43.16, 13.79, 16.67, 43.75, 43.16, 13.79, 16.67, 43.75, 43.16, 13.79, 16.67, 43.75, 43.16, 13.79, 16.67, 43.75, 43.16, 13.79, 16.67, 43.75, 43.16, 13.79, 16.67, 43.75, 43.16, 13.79, 16.67, 43.75, 43.16, 13.79, 16.67, 43.75, 43.16, 13.79, 16.67] | Shifted: No
Round 89 | Mean Acc: 29.67% | Domain Accs: [43.3, 41.58, 13.79, 20.0, 43.3, 41.58, 13.79, 20.0, 43.3, 41.58, 13.79, 20.0, 43.3, 41.58, 13.79, 20.0, 43.3, 41.58, 13.79, 20.0, 43.3, 41.58, 13.79, 20.0, 43.3, 41.58, 13.79, 20.0, 43.3, 41.58, 13.79, 20.0, 43.3, 41.58, 13.79, 20.0, 43.3, 41.58, 13.79, 20.0, 43.3, 41.58, 13.79, 20.0, 43.3, 41.58, 13.79, 20.0, 43.3, 41.58, 13.79, 20.0, 43.3, 41.58, 13.79, 20.0, 43.3, 41.58, 13.79, 20.0, 43.3, 41.58, 13.79, 20.0] | Shifted: No
===== DOMAIN SHIFT AT ROUND 90 =====
New domain distribution:
  caltech: 2 clients
  amazon: 3 clients
  webcam: 2 clients
  dslr: 3 clients

Round 90 | Mean Acc: 29.43% | Domain Accs: [42.86, 41.05, 13.79, 20.0, 42.86, 41.05, 13.79, 20.0, 42.86, 41.05, 13.79, 20.0, 42.86, 41.05, 13.79, 20.0, 42.86, 41.05, 13.79, 20.0, 42.86, 41.05, 13.79, 20.0, 42.86, 41.05, 13.79, 20.0, 42.86, 41.05, 13.79, 20.0, 42.86, 41.05, 13.79, 20.0, 42.86, 41.05, 13.79, 20.0, 42.86, 41.05, 13.79, 20.0, 42.86, 41.05, 13.79, 20.0, 42.86, 41.05, 13.79, 20.0, 42.86, 41.05, 13.79, 20.0, 42.86, 41.05, 13.79, 20.0, 42.86, 41.05, 13.79, 20.0] | Shifted: Yes
Round 91 | Mean Acc: 29.45% | Domain Accs: [42.41, 41.58, 13.79, 20.0, 42.41, 41.58, 13.79, 20.0, 42.41, 41.58, 13.79, 20.0, 42.41, 41.58, 13.79, 20.0, 42.41, 41.58, 13.79, 20.0, 42.41, 41.58, 13.79, 20.0, 42.41, 41.58, 13.79, 20.0, 42.41, 41.58, 13.79, 20.0, 42.41, 41.58, 13.79, 20.0, 42.41, 41.58, 13.79, 20.0, 42.41, 41.58, 13.79, 20.0, 42.41, 41.58, 13.79, 20.0, 42.41, 41.58, 13.79, 20.0, 42.41, 41.58, 13.79, 20.0, 42.41, 41.58, 13.79, 20.0, 42.41, 41.58, 13.79, 20.0] | Shifted: No
Round 92 | Mean Acc: 28.73% | Domain Accs: [42.86, 41.58, 13.79, 16.67, 42.86, 41.58, 13.79, 16.67, 42.86, 41.58, 13.79, 16.67, 42.86, 41.58, 13.79, 16.67, 42.86, 41.58, 13.79, 16.67, 42.86, 41.58, 13.79, 16.67, 42.86, 41.58, 13.79, 16.67, 42.86, 41.58, 13.79, 16.67, 42.86, 41.58, 13.79, 16.67, 42.86, 41.58, 13.79, 16.67, 42.86, 41.58, 13.79, 16.67, 42.86, 41.58, 13.79, 16.67, 42.86, 41.58, 13.79, 16.67, 42.86, 41.58, 13.79, 16.67, 42.86, 41.58, 13.79, 16.67, 42.86, 41.58, 13.79, 16.67] | Shifted: No
Round 93 | Mean Acc: 28.86% | Domain Accs: [42.86, 42.11, 13.79, 16.67, 42.86, 42.11, 13.79, 16.67, 42.86, 42.11, 13.79, 16.67, 42.86, 42.11, 13.79, 16.67, 42.86, 42.11, 13.79, 16.67, 42.86, 42.11, 13.79, 16.67, 42.86, 42.11, 13.79, 16.67, 42.86, 42.11, 13.79, 16.67, 42.86, 42.11, 13.79, 16.67, 42.86, 42.11, 13.79, 16.67, 42.86, 42.11, 13.79, 16.67, 42.86, 42.11, 13.79, 16.67, 42.86, 42.11, 13.79, 16.67, 42.86, 42.11, 13.79, 16.67, 42.86, 42.11, 13.79, 16.67, 42.86, 42.11, 13.79, 16.67] | Shifted: No
Round 94 | Mean Acc: 29.00% | Domain Accs: [42.86, 41.05, 12.07, 20.0, 42.86, 41.05, 12.07, 20.0, 42.86, 41.05, 12.07, 20.0, 42.86, 41.05, 12.07, 20.0, 42.86, 41.05, 12.07, 20.0, 42.86, 41.05, 12.07, 20.0, 42.86, 41.05, 12.07, 20.0, 42.86, 41.05, 12.07, 20.0, 42.86, 41.05, 12.07, 20.0, 42.86, 41.05, 12.07, 20.0, 42.86, 41.05, 12.07, 20.0, 42.86, 41.05, 12.07, 20.0, 42.86, 41.05, 12.07, 20.0, 42.86, 41.05, 12.07, 20.0, 42.86, 41.05, 12.07, 20.0, 42.86, 41.05, 12.07, 20.0] | Shifted: No
===== DOMAIN SHIFT AT ROUND 95 =====
New domain distribution:
  caltech: 1 clients
  amazon: 2 clients
  webcam: 4 clients
  dslr: 3 clients

Round 95 | Mean Acc: 29.56% | Domain Accs: [42.86, 41.58, 13.79, 20.0, 42.86, 41.58, 13.79, 20.0, 42.86, 41.58, 13.79, 20.0, 42.86, 41.58, 13.79, 20.0, 42.86, 41.58, 13.79, 20.0, 42.86, 41.58, 13.79, 20.0, 42.86, 41.58, 13.79, 20.0, 42.86, 41.58, 13.79, 20.0, 42.86, 41.58, 13.79, 20.0, 42.86, 41.58, 13.79, 20.0, 42.86, 41.58, 13.79, 20.0, 42.86, 41.58, 13.79, 20.0, 42.86, 41.58, 13.79, 20.0, 42.86, 41.58, 13.79, 20.0, 42.86, 41.58, 13.79, 20.0, 42.86, 41.58, 13.79, 20.0] | Shifted: Yes
Round 96 | Mean Acc: 29.45% | Domain Accs: [42.41, 41.58, 13.79, 20.0, 42.41, 41.58, 13.79, 20.0, 42.41, 41.58, 13.79, 20.0, 42.41, 41.58, 13.79, 20.0, 42.41, 41.58, 13.79, 20.0, 42.41, 41.58, 13.79, 20.0, 42.41, 41.58, 13.79, 20.0, 42.41, 41.58, 13.79, 20.0, 42.41, 41.58, 13.79, 20.0, 42.41, 41.58, 13.79, 20.0, 42.41, 41.58, 13.79, 20.0, 42.41, 41.58, 13.79, 20.0, 42.41, 41.58, 13.79, 20.0, 42.41, 41.58, 13.79, 20.0, 42.41, 41.58, 13.79, 20.0, 42.41, 41.58, 13.79, 20.0] | Shifted: No
Round 97 | Mean Acc: 28.59% | Domain Accs: [42.86, 41.05, 13.79, 16.67, 42.86, 41.05, 13.79, 16.67, 42.86, 41.05, 13.79, 16.67, 42.86, 41.05, 13.79, 16.67, 42.86, 41.05, 13.79, 16.67, 42.86, 41.05, 13.79, 16.67, 42.86, 41.05, 13.79, 16.67, 42.86, 41.05, 13.79, 16.67, 42.86, 41.05, 13.79, 16.67, 42.86, 41.05, 13.79, 16.67, 42.86, 41.05, 13.79, 16.67, 42.86, 41.05, 13.79, 16.67, 42.86, 41.05, 13.79, 16.67, 42.86, 41.05, 13.79, 16.67, 42.86, 41.05, 13.79, 16.67, 42.86, 41.05, 13.79, 16.67] | Shifted: No
Round 98 | Mean Acc: 29.31% | Domain Accs: [42.41, 41.05, 13.79, 20.0, 42.41, 41.05, 13.79, 20.0, 42.41, 41.05, 13.79, 20.0, 42.41, 41.05, 13.79, 20.0, 42.41, 41.05, 13.79, 20.0, 42.41, 41.05, 13.79, 20.0, 42.41, 41.05, 13.79, 20.0, 42.41, 41.05, 13.79, 20.0, 42.41, 41.05, 13.79, 20.0, 42.41, 41.05, 13.79, 20.0, 42.41, 41.05, 13.79, 20.0, 42.41, 41.05, 13.79, 20.0, 42.41, 41.05, 13.79, 20.0, 42.41, 41.05, 13.79, 20.0, 42.41, 41.05, 13.79, 20.0, 42.41, 41.05, 13.79, 20.0] | Shifted: No
Round 99 | Mean Acc: 29.45% | Domain Accs: [42.41, 41.58, 13.79, 20.0, 42.41, 41.58, 13.79, 20.0, 42.41, 41.58, 13.79, 20.0, 42.41, 41.58, 13.79, 20.0, 42.41, 41.58, 13.79, 20.0, 42.41, 41.58, 13.79, 20.0, 42.41, 41.58, 13.79, 20.0, 42.41, 41.58, 13.79, 20.0, 42.41, 41.58, 13.79, 20.0, 42.41, 41.58, 13.79, 20.0, 42.41, 41.58, 13.79, 20.0, 42.41, 41.58, 13.79, 20.0, 42.41, 41.58, 13.79, 20.0, 42.41, 41.58, 13.79, 20.0, 42.41, 41.58, 13.79, 20.0, 42.41, 41.58, 13.79, 20.0] | Shifted: No

===== EXPERIMENT SUMMARY =====
Best Mean Accuracy: 34.72%
Best Domain Accuracies: [44.64, 45.26, 18.97, 30.0, 44.64, 45.26, 18.97, 30.0, 44.64, 45.26, 18.97, 30.0, 44.64, 45.26, 18.97, 30.0, 44.64, 45.26, 18.97, 30.0, 44.64, 45.26, 18.97, 30.0, 44.64, 45.26, 18.97, 30.0, 44.64, 45.26, 18.97, 30.0, 44.64, 45.26, 18.97, 30.0, 44.64, 45.26, 18.97, 30.0, 44.64, 45.26, 18.97, 30.0, 44.64, 45.26, 18.97, 30.0, 44.64, 45.26, 18.97, 30.0, 44.64, 45.26, 18.97, 30.0, 44.64, 45.26, 18.97, 30.0, 44.64, 45.26, 18.97, 30.0]
Accuracy variance after shift at round 5: 0.7602
Accuracy variance after shift at round 10: 0.1566
Accuracy variance after shift at round 15: 0.4790
Accuracy variance after shift at round 20: 0.1542
Accuracy variance after shift at round 25: 0.0136
Accuracy variance after shift at round 30: 0.0034
Accuracy variance after shift at round 35: 0.0027
Accuracy variance after shift at round 40: 0.0133
Accuracy variance after shift at round 45: 0.0463
Accuracy variance after shift at round 50: 10.4807
Accuracy variance after shift at round 55: 0.0121
Accuracy variance after shift at round 60: 0.4470
Accuracy variance after shift at round 65: 0.1656
Accuracy variance after shift at round 70: 0.2027
Accuracy variance after shift at round 75: 0.2352
Accuracy variance after shift at round 80: 0.0034
Accuracy variance after shift at round 85: 0.0028
Accuracy variance after shift at round 90: 0.1121
Accuracy variance after shift at round 95: 0.1857
Average variance after shifts: 0.7093

Domain distribution at the end of experiment:
  caltech: 1 clients
  amazon: 2 clients
  webcam: 4 clients
  dslr: 3 clients
