===== EXPERIMENT CONFIGURATION =====
Model: fedsr
Dataset: fl_officecaltech
Backbone: resnet18
Participants: 10
Communication Epochs: 100
Local Epochs: 5
Shift Frequency: 5
Shift Ratio: 0.3
Pruning Strategy: AD
Alpha: 0.9
Alpha Min: 0.1
Epsilon: 0.2
Reg Coefficient: 0.01

===== DOMAIN SHIFT EXPERIMENT RESULTS =====
Format: Round [X] | Mean Acc: [Y]% | Domain Accs: [Z] | Shifted: [Yes/No]

Round 0 | Mean Acc: 27.90% | Domain Accs: [34.82, 22.63, 24.14, 30.0, 34.82, 22.63, 24.14, 30.0, 34.82, 22.63, 24.14, 30.0, 34.82, 22.63, 24.14, 30.0, 34.82, 22.63, 24.14, 30.0, 34.82, 22.63, 24.14, 30.0, 34.82, 22.63, 24.14, 30.0, 34.82, 22.63, 24.14, 30.0, 34.82, 22.63, 24.14, 30.0, 34.82, 22.63, 24.14, 30.0, 34.82, 22.63, 24.14, 30.0, 34.82, 22.63, 24.14, 30.0, 34.82, 22.63, 24.14, 30.0, 34.82, 22.63, 24.14, 30.0, 34.82, 22.63, 24.14, 30.0, 34.82, 22.63, 24.14, 30.0] | Shifted: No
  ★ New best accuracy: 27.90%
Round 1 | Mean Acc: 34.61% | Domain Accs: [40.18, 38.95, 29.31, 30.0, 40.18, 38.95, 29.31, 30.0, 40.18, 38.95, 29.31, 30.0, 40.18, 38.95, 29.31, 30.0, 40.18, 38.95, 29.31, 30.0, 40.18, 38.95, 29.31, 30.0, 40.18, 38.95, 29.31, 30.0, 40.18, 38.95, 29.31, 30.0, 40.18, 38.95, 29.31, 30.0, 40.18, 38.95, 29.31, 30.0, 40.18, 38.95, 29.31, 30.0, 40.18, 38.95, 29.31, 30.0, 40.18, 38.95, 29.31, 30.0, 40.18, 38.95, 29.31, 30.0, 40.18, 38.95, 29.31, 30.0, 40.18, 38.95, 29.31, 30.0] | Shifted: No
  ★ New best accuracy: 34.61%
Round 2 | Mean Acc: 37.43% | Domain Accs: [47.77, 42.63, 29.31, 30.0, 47.77, 42.63, 29.31, 30.0, 47.77, 42.63, 29.31, 30.0, 47.77, 42.63, 29.31, 30.0, 47.77, 42.63, 29.31, 30.0, 47.77, 42.63, 29.31, 30.0, 47.77, 42.63, 29.31, 30.0, 47.77, 42.63, 29.31, 30.0, 47.77, 42.63, 29.31, 30.0, 47.77, 42.63, 29.31, 30.0, 47.77, 42.63, 29.31, 30.0, 47.77, 42.63, 29.31, 30.0, 47.77, 42.63, 29.31, 30.0, 47.77, 42.63, 29.31, 30.0, 47.77, 42.63, 29.31, 30.0, 47.77, 42.63, 29.31, 30.0] | Shifted: No
  ★ New best accuracy: 37.43%
Round 3 | Mean Acc: 42.56% | Domain Accs: [51.34, 47.89, 31.03, 40.0, 51.34, 47.89, 31.03, 40.0, 51.34, 47.89, 31.03, 40.0, 51.34, 47.89, 31.03, 40.0, 51.34, 47.89, 31.03, 40.0, 51.34, 47.89, 31.03, 40.0, 51.34, 47.89, 31.03, 40.0, 51.34, 47.89, 31.03, 40.0, 51.34, 47.89, 31.03, 40.0, 51.34, 47.89, 31.03, 40.0, 51.34, 47.89, 31.03, 40.0, 51.34, 47.89, 31.03, 40.0, 51.34, 47.89, 31.03, 40.0, 51.34, 47.89, 31.03, 40.0, 51.34, 47.89, 31.03, 40.0, 51.34, 47.89, 31.03, 40.0] | Shifted: No
  ★ New best accuracy: 42.56%
Round 4 | Mean Acc: 42.99% | Domain Accs: [53.57, 47.37, 31.03, 40.0, 53.57, 47.37, 31.03, 40.0, 53.57, 47.37, 31.03, 40.0, 53.57, 47.37, 31.03, 40.0, 53.57, 47.37, 31.03, 40.0, 53.57, 47.37, 31.03, 40.0, 53.57, 47.37, 31.03, 40.0, 53.57, 47.37, 31.03, 40.0, 53.57, 47.37, 31.03, 40.0, 53.57, 47.37, 31.03, 40.0, 53.57, 47.37, 31.03, 40.0, 53.57, 47.37, 31.03, 40.0, 53.57, 47.37, 31.03, 40.0, 53.57, 47.37, 31.03, 40.0, 53.57, 47.37, 31.03, 40.0, 53.57, 47.37, 31.03, 40.0] | Shifted: No
  ★ New best accuracy: 42.99%
===== DOMAIN SHIFT AT ROUND 5 =====
New domain distribution:
  caltech: 1 clients
  amazon: 4 clients
  webcam: 3 clients
  dslr: 2 clients

Round 5 | Mean Acc: 39.69% | Domain Accs: [53.12, 46.32, 29.31, 30.0, 53.12, 46.32, 29.31, 30.0, 53.12, 46.32, 29.31, 30.0, 53.12, 46.32, 29.31, 30.0, 53.12, 46.32, 29.31, 30.0, 53.12, 46.32, 29.31, 30.0, 53.12, 46.32, 29.31, 30.0, 53.12, 46.32, 29.31, 30.0, 53.12, 46.32, 29.31, 30.0, 53.12, 46.32, 29.31, 30.0, 53.12, 46.32, 29.31, 30.0, 53.12, 46.32, 29.31, 30.0, 53.12, 46.32, 29.31, 30.0, 53.12, 46.32, 29.31, 30.0, 53.12, 46.32, 29.31, 30.0, 53.12, 46.32, 29.31, 30.0] | Shifted: Yes
Round 6 | Mean Acc: 37.97% | Domain Accs: [51.79, 44.21, 25.86, 30.0, 51.79, 44.21, 25.86, 30.0, 51.79, 44.21, 25.86, 30.0, 51.79, 44.21, 25.86, 30.0, 51.79, 44.21, 25.86, 30.0, 51.79, 44.21, 25.86, 30.0, 51.79, 44.21, 25.86, 30.0, 51.79, 44.21, 25.86, 30.0, 51.79, 44.21, 25.86, 30.0, 51.79, 44.21, 25.86, 30.0, 51.79, 44.21, 25.86, 30.0, 51.79, 44.21, 25.86, 30.0, 51.79, 44.21, 25.86, 30.0, 51.79, 44.21, 25.86, 30.0, 51.79, 44.21, 25.86, 30.0, 51.79, 44.21, 25.86, 30.0] | Shifted: No
Round 7 | Mean Acc: 39.90% | Domain Accs: [53.57, 46.84, 25.86, 33.33, 53.57, 46.84, 25.86, 33.33, 53.57, 46.84, 25.86, 33.33, 53.57, 46.84, 25.86, 33.33, 53.57, 46.84, 25.86, 33.33, 53.57, 46.84, 25.86, 33.33, 53.57, 46.84, 25.86, 33.33, 53.57, 46.84, 25.86, 33.33, 53.57, 46.84, 25.86, 33.33, 53.57, 46.84, 25.86, 33.33, 53.57, 46.84, 25.86, 33.33, 53.57, 46.84, 25.86, 33.33, 53.57, 46.84, 25.86, 33.33, 53.57, 46.84, 25.86, 33.33, 53.57, 46.84, 25.86, 33.33, 53.57, 46.84, 25.86, 33.33] | Shifted: No
Round 8 | Mean Acc: 38.97% | Domain Accs: [54.91, 48.42, 25.86, 26.67, 54.91, 48.42, 25.86, 26.67, 54.91, 48.42, 25.86, 26.67, 54.91, 48.42, 25.86, 26.67, 54.91, 48.42, 25.86, 26.67, 54.91, 48.42, 25.86, 26.67, 54.91, 48.42, 25.86, 26.67, 54.91, 48.42, 25.86, 26.67, 54.91, 48.42, 25.86, 26.67, 54.91, 48.42, 25.86, 26.67, 54.91, 48.42, 25.86, 26.67, 54.91, 48.42, 25.86, 26.67, 54.91, 48.42, 25.86, 26.67, 54.91, 48.42, 25.86, 26.67, 54.91, 48.42, 25.86, 26.67, 54.91, 48.42, 25.86, 26.67] | Shifted: No
Round 9 | Mean Acc: 43.99% | Domain Accs: [56.25, 52.11, 27.59, 40.0, 56.25, 52.11, 27.59, 40.0, 56.25, 52.11, 27.59, 40.0, 56.25, 52.11, 27.59, 40.0, 56.25, 52.11, 27.59, 40.0, 56.25, 52.11, 27.59, 40.0, 56.25, 52.11, 27.59, 40.0, 56.25, 52.11, 27.59, 40.0, 56.25, 52.11, 27.59, 40.0, 56.25, 52.11, 27.59, 40.0, 56.25, 52.11, 27.59, 40.0, 56.25, 52.11, 27.59, 40.0, 56.25, 52.11, 27.59, 40.0, 56.25, 52.11, 27.59, 40.0, 56.25, 52.11, 27.59, 40.0, 56.25, 52.11, 27.59, 40.0] | Shifted: No
  ★ New best accuracy: 43.99%
===== DOMAIN SHIFT AT ROUND 10 =====
New domain distribution:
  caltech: 3 clients
  amazon: 3 clients
  webcam: 3 clients
  dslr: 1 clients

Round 10 | Mean Acc: 44.68% | Domain Accs: [56.25, 53.16, 29.31, 40.0, 56.25, 53.16, 29.31, 40.0, 56.25, 53.16, 29.31, 40.0, 56.25, 53.16, 29.31, 40.0, 56.25, 53.16, 29.31, 40.0, 56.25, 53.16, 29.31, 40.0, 56.25, 53.16, 29.31, 40.0, 56.25, 53.16, 29.31, 40.0, 56.25, 53.16, 29.31, 40.0, 56.25, 53.16, 29.31, 40.0, 56.25, 53.16, 29.31, 40.0, 56.25, 53.16, 29.31, 40.0, 56.25, 53.16, 29.31, 40.0, 56.25, 53.16, 29.31, 40.0, 56.25, 53.16, 29.31, 40.0, 56.25, 53.16, 29.31, 40.0] | Shifted: Yes
  ★ New best accuracy: 44.68%
Round 11 | Mean Acc: 46.40% | Domain Accs: [55.8, 52.11, 31.03, 46.67, 55.8, 52.11, 31.03, 46.67, 55.8, 52.11, 31.03, 46.67, 55.8, 52.11, 31.03, 46.67, 55.8, 52.11, 31.03, 46.67, 55.8, 52.11, 31.03, 46.67, 55.8, 52.11, 31.03, 46.67, 55.8, 52.11, 31.03, 46.67, 55.8, 52.11, 31.03, 46.67, 55.8, 52.11, 31.03, 46.67, 55.8, 52.11, 31.03, 46.67, 55.8, 52.11, 31.03, 46.67, 55.8, 52.11, 31.03, 46.67, 55.8, 52.11, 31.03, 46.67, 55.8, 52.11, 31.03, 46.67, 55.8, 52.11, 31.03, 46.67] | Shifted: No
  ★ New best accuracy: 46.40%
Round 12 | Mean Acc: 47.12% | Domain Accs: [55.36, 52.11, 31.03, 50.0, 55.36, 52.11, 31.03, 50.0, 55.36, 52.11, 31.03, 50.0, 55.36, 52.11, 31.03, 50.0, 55.36, 52.11, 31.03, 50.0, 55.36, 52.11, 31.03, 50.0, 55.36, 52.11, 31.03, 50.0, 55.36, 52.11, 31.03, 50.0, 55.36, 52.11, 31.03, 50.0, 55.36, 52.11, 31.03, 50.0, 55.36, 52.11, 31.03, 50.0, 55.36, 52.11, 31.03, 50.0, 55.36, 52.11, 31.03, 50.0, 55.36, 52.11, 31.03, 50.0, 55.36, 52.11, 31.03, 50.0, 55.36, 52.11, 31.03, 50.0] | Shifted: No
  ★ New best accuracy: 47.12%
Round 13 | Mean Acc: 46.99% | Domain Accs: [55.36, 51.58, 31.03, 50.0, 55.36, 51.58, 31.03, 50.0, 55.36, 51.58, 31.03, 50.0, 55.36, 51.58, 31.03, 50.0, 55.36, 51.58, 31.03, 50.0, 55.36, 51.58, 31.03, 50.0, 55.36, 51.58, 31.03, 50.0, 55.36, 51.58, 31.03, 50.0, 55.36, 51.58, 31.03, 50.0, 55.36, 51.58, 31.03, 50.0, 55.36, 51.58, 31.03, 50.0, 55.36, 51.58, 31.03, 50.0, 55.36, 51.58, 31.03, 50.0, 55.36, 51.58, 31.03, 50.0, 55.36, 51.58, 31.03, 50.0, 55.36, 51.58, 31.03, 50.0] | Shifted: No
Round 14 | Mean Acc: 46.86% | Domain Accs: [55.36, 51.05, 31.03, 50.0, 55.36, 51.05, 31.03, 50.0, 55.36, 51.05, 31.03, 50.0, 55.36, 51.05, 31.03, 50.0, 55.36, 51.05, 31.03, 50.0, 55.36, 51.05, 31.03, 50.0, 55.36, 51.05, 31.03, 50.0, 55.36, 51.05, 31.03, 50.0, 55.36, 51.05, 31.03, 50.0, 55.36, 51.05, 31.03, 50.0, 55.36, 51.05, 31.03, 50.0, 55.36, 51.05, 31.03, 50.0, 55.36, 51.05, 31.03, 50.0, 55.36, 51.05, 31.03, 50.0, 55.36, 51.05, 31.03, 50.0, 55.36, 51.05, 31.03, 50.0] | Shifted: No
===== DOMAIN SHIFT AT ROUND 15 =====
New domain distribution:
  caltech: 2 clients
  amazon: 5 clients
  webcam: 1 clients
  dslr: 2 clients

Round 15 | Mean Acc: 46.68% | Domain Accs: [53.57, 52.11, 31.03, 50.0, 53.57, 52.11, 31.03, 50.0, 53.57, 52.11, 31.03, 50.0, 53.57, 52.11, 31.03, 50.0, 53.57, 52.11, 31.03, 50.0, 53.57, 52.11, 31.03, 50.0, 53.57, 52.11, 31.03, 50.0, 53.57, 52.11, 31.03, 50.0, 53.57, 52.11, 31.03, 50.0, 53.57, 52.11, 31.03, 50.0, 53.57, 52.11, 31.03, 50.0, 53.57, 52.11, 31.03, 50.0, 53.57, 52.11, 31.03, 50.0, 53.57, 52.11, 31.03, 50.0, 53.57, 52.11, 31.03, 50.0, 53.57, 52.11, 31.03, 50.0] | Shifted: Yes
Round 16 | Mean Acc: 46.35% | Domain Accs: [54.91, 51.05, 32.76, 46.67, 54.91, 51.05, 32.76, 46.67, 54.91, 51.05, 32.76, 46.67, 54.91, 51.05, 32.76, 46.67, 54.91, 51.05, 32.76, 46.67, 54.91, 51.05, 32.76, 46.67, 54.91, 51.05, 32.76, 46.67, 54.91, 51.05, 32.76, 46.67, 54.91, 51.05, 32.76, 46.67, 54.91, 51.05, 32.76, 46.67, 54.91, 51.05, 32.76, 46.67, 54.91, 51.05, 32.76, 46.67, 54.91, 51.05, 32.76, 46.67, 54.91, 51.05, 32.76, 46.67, 54.91, 51.05, 32.76, 46.67, 54.91, 51.05, 32.76, 46.67] | Shifted: No
Round 17 | Mean Acc: 46.56% | Domain Accs: [55.36, 51.58, 29.31, 50.0, 55.36, 51.58, 29.31, 50.0, 55.36, 51.58, 29.31, 50.0, 55.36, 51.58, 29.31, 50.0, 55.36, 51.58, 29.31, 50.0, 55.36, 51.58, 29.31, 50.0, 55.36, 51.58, 29.31, 50.0, 55.36, 51.58, 29.31, 50.0, 55.36, 51.58, 29.31, 50.0, 55.36, 51.58, 29.31, 50.0, 55.36, 51.58, 29.31, 50.0, 55.36, 51.58, 29.31, 50.0, 55.36, 51.58, 29.31, 50.0, 55.36, 51.58, 29.31, 50.0, 55.36, 51.58, 29.31, 50.0, 55.36, 51.58, 29.31, 50.0] | Shifted: No
Round 18 | Mean Acc: 46.64% | Domain Accs: [55.8, 53.16, 27.59, 50.0, 55.8, 53.16, 27.59, 50.0, 55.8, 53.16, 27.59, 50.0, 55.8, 53.16, 27.59, 50.0, 55.8, 53.16, 27.59, 50.0, 55.8, 53.16, 27.59, 50.0, 55.8, 53.16, 27.59, 50.0, 55.8, 53.16, 27.59, 50.0, 55.8, 53.16, 27.59, 50.0, 55.8, 53.16, 27.59, 50.0, 55.8, 53.16, 27.59, 50.0, 55.8, 53.16, 27.59, 50.0, 55.8, 53.16, 27.59, 50.0, 55.8, 53.16, 27.59, 50.0, 55.8, 53.16, 27.59, 50.0, 55.8, 53.16, 27.59, 50.0] | Shifted: No
Round 19 | Mean Acc: 46.38% | Domain Accs: [55.8, 52.11, 27.59, 50.0, 55.8, 52.11, 27.59, 50.0, 55.8, 52.11, 27.59, 50.0, 55.8, 52.11, 27.59, 50.0, 55.8, 52.11, 27.59, 50.0, 55.8, 52.11, 27.59, 50.0, 55.8, 52.11, 27.59, 50.0, 55.8, 52.11, 27.59, 50.0, 55.8, 52.11, 27.59, 50.0, 55.8, 52.11, 27.59, 50.0, 55.8, 52.11, 27.59, 50.0, 55.8, 52.11, 27.59, 50.0, 55.8, 52.11, 27.59, 50.0, 55.8, 52.11, 27.59, 50.0, 55.8, 52.11, 27.59, 50.0, 55.8, 52.11, 27.59, 50.0] | Shifted: No
===== DOMAIN SHIFT AT ROUND 20 =====
New domain distribution:
  caltech: 3 clients
  amazon: 2 clients
  webcam: 3 clients
  dslr: 2 clients

Round 20 | Mean Acc: 46.78% | Domain Accs: [56.25, 51.58, 29.31, 50.0, 56.25, 51.58, 29.31, 50.0, 56.25, 51.58, 29.31, 50.0, 56.25, 51.58, 29.31, 50.0, 56.25, 51.58, 29.31, 50.0, 56.25, 51.58, 29.31, 50.0, 56.25, 51.58, 29.31, 50.0, 56.25, 51.58, 29.31, 50.0, 56.25, 51.58, 29.31, 50.0, 56.25, 51.58, 29.31, 50.0, 56.25, 51.58, 29.31, 50.0, 56.25, 51.58, 29.31, 50.0, 56.25, 51.58, 29.31, 50.0, 56.25, 51.58, 29.31, 50.0, 56.25, 51.58, 29.31, 50.0, 56.25, 51.58, 29.31, 50.0] | Shifted: Yes
Round 21 | Mean Acc: 46.80% | Domain Accs: [55.8, 52.11, 29.31, 50.0, 55.8, 52.11, 29.31, 50.0, 55.8, 52.11, 29.31, 50.0, 55.8, 52.11, 29.31, 50.0, 55.8, 52.11, 29.31, 50.0, 55.8, 52.11, 29.31, 50.0, 55.8, 52.11, 29.31, 50.0, 55.8, 52.11, 29.31, 50.0, 55.8, 52.11, 29.31, 50.0, 55.8, 52.11, 29.31, 50.0, 55.8, 52.11, 29.31, 50.0, 55.8, 52.11, 29.31, 50.0, 55.8, 52.11, 29.31, 50.0, 55.8, 52.11, 29.31, 50.0, 55.8, 52.11, 29.31, 50.0, 55.8, 52.11, 29.31, 50.0] | Shifted: No
Round 22 | Mean Acc: 46.74% | Domain Accs: [54.91, 52.63, 32.76, 46.67, 54.91, 52.63, 32.76, 46.67, 54.91, 52.63, 32.76, 46.67, 54.91, 52.63, 32.76, 46.67, 54.91, 52.63, 32.76, 46.67, 54.91, 52.63, 32.76, 46.67, 54.91, 52.63, 32.76, 46.67, 54.91, 52.63, 32.76, 46.67, 54.91, 52.63, 32.76, 46.67, 54.91, 52.63, 32.76, 46.67, 54.91, 52.63, 32.76, 46.67, 54.91, 52.63, 32.76, 46.67, 54.91, 52.63, 32.76, 46.67, 54.91, 52.63, 32.76, 46.67, 54.91, 52.63, 32.76, 46.67, 54.91, 52.63, 32.76, 46.67] | Shifted: No
Round 23 | Mean Acc: 47.26% | Domain Accs: [55.36, 52.63, 31.03, 50.0, 55.36, 52.63, 31.03, 50.0, 55.36, 52.63, 31.03, 50.0, 55.36, 52.63, 31.03, 50.0, 55.36, 52.63, 31.03, 50.0, 55.36, 52.63, 31.03, 50.0, 55.36, 52.63, 31.03, 50.0, 55.36, 52.63, 31.03, 50.0, 55.36, 52.63, 31.03, 50.0, 55.36, 52.63, 31.03, 50.0, 55.36, 52.63, 31.03, 50.0, 55.36, 52.63, 31.03, 50.0, 55.36, 52.63, 31.03, 50.0, 55.36, 52.63, 31.03, 50.0, 55.36, 52.63, 31.03, 50.0, 55.36, 52.63, 31.03, 50.0] | Shifted: No
  ★ New best accuracy: 47.26%
Round 24 | Mean Acc: 46.18% | Domain Accs: [54.91, 52.11, 31.03, 46.67, 54.91, 52.11, 31.03, 46.67, 54.91, 52.11, 31.03, 46.67, 54.91, 52.11, 31.03, 46.67, 54.91, 52.11, 31.03, 46.67, 54.91, 52.11, 31.03, 46.67, 54.91, 52.11, 31.03, 46.67, 54.91, 52.11, 31.03, 46.67, 54.91, 52.11, 31.03, 46.67, 54.91, 52.11, 31.03, 46.67, 54.91, 52.11, 31.03, 46.67, 54.91, 52.11, 31.03, 46.67, 54.91, 52.11, 31.03, 46.67, 54.91, 52.11, 31.03, 46.67, 54.91, 52.11, 31.03, 46.67, 54.91, 52.11, 31.03, 46.67] | Shifted: No
===== DOMAIN SHIFT AT ROUND 25 =====
New domain distribution:
  caltech: 4 clients
  amazon: 3 clients
  webcam: 2 clients
  dslr: 1 clients

Round 25 | Mean Acc: 46.97% | Domain Accs: [55.8, 52.63, 32.76, 46.67, 55.8, 52.63, 32.76, 46.67, 55.8, 52.63, 32.76, 46.67, 55.8, 52.63, 32.76, 46.67, 55.8, 52.63, 32.76, 46.67, 55.8, 52.63, 32.76, 46.67, 55.8, 52.63, 32.76, 46.67, 55.8, 52.63, 32.76, 46.67, 55.8, 52.63, 32.76, 46.67, 55.8, 52.63, 32.76, 46.67, 55.8, 52.63, 32.76, 46.67, 55.8, 52.63, 32.76, 46.67, 55.8, 52.63, 32.76, 46.67, 55.8, 52.63, 32.76, 46.67, 55.8, 52.63, 32.76, 46.67, 55.8, 52.63, 32.76, 46.67] | Shifted: Yes
Round 26 | Mean Acc: 47.37% | Domain Accs: [55.8, 52.63, 31.03, 50.0, 55.8, 52.63, 31.03, 50.0, 55.8, 52.63, 31.03, 50.0, 55.8, 52.63, 31.03, 50.0, 55.8, 52.63, 31.03, 50.0, 55.8, 52.63, 31.03, 50.0, 55.8, 52.63, 31.03, 50.0, 55.8, 52.63, 31.03, 50.0, 55.8, 52.63, 31.03, 50.0, 55.8, 52.63, 31.03, 50.0, 55.8, 52.63, 31.03, 50.0, 55.8, 52.63, 31.03, 50.0, 55.8, 52.63, 31.03, 50.0, 55.8, 52.63, 31.03, 50.0, 55.8, 52.63, 31.03, 50.0, 55.8, 52.63, 31.03, 50.0] | Shifted: No
  ★ New best accuracy: 47.37%
Round 27 | Mean Acc: 47.69% | Domain Accs: [55.36, 52.63, 32.76, 50.0, 55.36, 52.63, 32.76, 50.0, 55.36, 52.63, 32.76, 50.0, 55.36, 52.63, 32.76, 50.0, 55.36, 52.63, 32.76, 50.0, 55.36, 52.63, 32.76, 50.0, 55.36, 52.63, 32.76, 50.0, 55.36, 52.63, 32.76, 50.0, 55.36, 52.63, 32.76, 50.0, 55.36, 52.63, 32.76, 50.0, 55.36, 52.63, 32.76, 50.0, 55.36, 52.63, 32.76, 50.0, 55.36, 52.63, 32.76, 50.0, 55.36, 52.63, 32.76, 50.0, 55.36, 52.63, 32.76, 50.0, 55.36, 52.63, 32.76, 50.0] | Shifted: No
  ★ New best accuracy: 47.69%
Round 28 | Mean Acc: 46.99% | Domain Accs: [55.36, 53.16, 32.76, 46.67, 55.36, 53.16, 32.76, 46.67, 55.36, 53.16, 32.76, 46.67, 55.36, 53.16, 32.76, 46.67, 55.36, 53.16, 32.76, 46.67, 55.36, 53.16, 32.76, 46.67, 55.36, 53.16, 32.76, 46.67, 55.36, 53.16, 32.76, 46.67, 55.36, 53.16, 32.76, 46.67, 55.36, 53.16, 32.76, 46.67, 55.36, 53.16, 32.76, 46.67, 55.36, 53.16, 32.76, 46.67, 55.36, 53.16, 32.76, 46.67, 55.36, 53.16, 32.76, 46.67, 55.36, 53.16, 32.76, 46.67, 55.36, 53.16, 32.76, 46.67] | Shifted: No
Round 29 | Mean Acc: 47.10% | Domain Accs: [55.8, 53.16, 32.76, 46.67, 55.8, 53.16, 32.76, 46.67, 55.8, 53.16, 32.76, 46.67, 55.8, 53.16, 32.76, 46.67, 55.8, 53.16, 32.76, 46.67, 55.8, 53.16, 32.76, 46.67, 55.8, 53.16, 32.76, 46.67, 55.8, 53.16, 32.76, 46.67, 55.8, 53.16, 32.76, 46.67, 55.8, 53.16, 32.76, 46.67, 55.8, 53.16, 32.76, 46.67, 55.8, 53.16, 32.76, 46.67, 55.8, 53.16, 32.76, 46.67, 55.8, 53.16, 32.76, 46.67, 55.8, 53.16, 32.76, 46.67, 55.8, 53.16, 32.76, 46.67] | Shifted: No
===== DOMAIN SHIFT AT ROUND 30 =====
New domain distribution:
  caltech: 3 clients
  amazon: 2 clients
  webcam: 2 clients
  dslr: 3 clients

Round 30 | Mean Acc: 48.60% | Domain Accs: [56.25, 53.68, 34.48, 50.0, 56.25, 53.68, 34.48, 50.0, 56.25, 53.68, 34.48, 50.0, 56.25, 53.68, 34.48, 50.0, 56.25, 53.68, 34.48, 50.0, 56.25, 53.68, 34.48, 50.0, 56.25, 53.68, 34.48, 50.0, 56.25, 53.68, 34.48, 50.0, 56.25, 53.68, 34.48, 50.0, 56.25, 53.68, 34.48, 50.0, 56.25, 53.68, 34.48, 50.0, 56.25, 53.68, 34.48, 50.0, 56.25, 53.68, 34.48, 50.0, 56.25, 53.68, 34.48, 50.0, 56.25, 53.68, 34.48, 50.0, 56.25, 53.68, 34.48, 50.0] | Shifted: Yes
  ★ New best accuracy: 48.60%
Round 31 | Mean Acc: 48.53% | Domain Accs: [54.91, 54.74, 34.48, 50.0, 54.91, 54.74, 34.48, 50.0, 54.91, 54.74, 34.48, 50.0, 54.91, 54.74, 34.48, 50.0, 54.91, 54.74, 34.48, 50.0, 54.91, 54.74, 34.48, 50.0, 54.91, 54.74, 34.48, 50.0, 54.91, 54.74, 34.48, 50.0, 54.91, 54.74, 34.48, 50.0, 54.91, 54.74, 34.48, 50.0, 54.91, 54.74, 34.48, 50.0, 54.91, 54.74, 34.48, 50.0, 54.91, 54.74, 34.48, 50.0, 54.91, 54.74, 34.48, 50.0, 54.91, 54.74, 34.48, 50.0, 54.91, 54.74, 34.48, 50.0] | Shifted: No
Round 32 | Mean Acc: 48.65% | Domain Accs: [55.36, 54.74, 34.48, 50.0, 55.36, 54.74, 34.48, 50.0, 55.36, 54.74, 34.48, 50.0, 55.36, 54.74, 34.48, 50.0, 55.36, 54.74, 34.48, 50.0, 55.36, 54.74, 34.48, 50.0, 55.36, 54.74, 34.48, 50.0, 55.36, 54.74, 34.48, 50.0, 55.36, 54.74, 34.48, 50.0, 55.36, 54.74, 34.48, 50.0, 55.36, 54.74, 34.48, 50.0, 55.36, 54.74, 34.48, 50.0, 55.36, 54.74, 34.48, 50.0, 55.36, 54.74, 34.48, 50.0, 55.36, 54.74, 34.48, 50.0, 55.36, 54.74, 34.48, 50.0] | Shifted: No
  ★ New best accuracy: 48.65%
Round 33 | Mean Acc: 48.19% | Domain Accs: [55.8, 54.21, 32.76, 50.0, 55.8, 54.21, 32.76, 50.0, 55.8, 54.21, 32.76, 50.0, 55.8, 54.21, 32.76, 50.0, 55.8, 54.21, 32.76, 50.0, 55.8, 54.21, 32.76, 50.0, 55.8, 54.21, 32.76, 50.0, 55.8, 54.21, 32.76, 50.0, 55.8, 54.21, 32.76, 50.0, 55.8, 54.21, 32.76, 50.0, 55.8, 54.21, 32.76, 50.0, 55.8, 54.21, 32.76, 50.0, 55.8, 54.21, 32.76, 50.0, 55.8, 54.21, 32.76, 50.0, 55.8, 54.21, 32.76, 50.0, 55.8, 54.21, 32.76, 50.0] | Shifted: No
Round 34 | Mean Acc: 48.59% | Domain Accs: [55.8, 55.79, 32.76, 50.0, 55.8, 55.79, 32.76, 50.0, 55.8, 55.79, 32.76, 50.0, 55.8, 55.79, 32.76, 50.0, 55.8, 55.79, 32.76, 50.0, 55.8, 55.79, 32.76, 50.0, 55.8, 55.79, 32.76, 50.0, 55.8, 55.79, 32.76, 50.0, 55.8, 55.79, 32.76, 50.0, 55.8, 55.79, 32.76, 50.0, 55.8, 55.79, 32.76, 50.0, 55.8, 55.79, 32.76, 50.0, 55.8, 55.79, 32.76, 50.0, 55.8, 55.79, 32.76, 50.0, 55.8, 55.79, 32.76, 50.0, 55.8, 55.79, 32.76, 50.0] | Shifted: No
===== DOMAIN SHIFT AT ROUND 35 =====
New domain distribution:
  caltech: 3 clients
  amazon: 1 clients
  webcam: 3 clients
  dslr: 3 clients

Round 35 | Mean Acc: 47.78% | Domain Accs: [55.36, 54.74, 31.03, 50.0, 55.36, 54.74, 31.03, 50.0, 55.36, 54.74, 31.03, 50.0, 55.36, 54.74, 31.03, 50.0, 55.36, 54.74, 31.03, 50.0, 55.36, 54.74, 31.03, 50.0, 55.36, 54.74, 31.03, 50.0, 55.36, 54.74, 31.03, 50.0, 55.36, 54.74, 31.03, 50.0, 55.36, 54.74, 31.03, 50.0, 55.36, 54.74, 31.03, 50.0, 55.36, 54.74, 31.03, 50.0, 55.36, 54.74, 31.03, 50.0, 55.36, 54.74, 31.03, 50.0, 55.36, 54.74, 31.03, 50.0, 55.36, 54.74, 31.03, 50.0] | Shifted: Yes
Round 36 | Mean Acc: 47.91% | Domain Accs: [55.36, 55.26, 31.03, 50.0, 55.36, 55.26, 31.03, 50.0, 55.36, 55.26, 31.03, 50.0, 55.36, 55.26, 31.03, 50.0, 55.36, 55.26, 31.03, 50.0, 55.36, 55.26, 31.03, 50.0, 55.36, 55.26, 31.03, 50.0, 55.36, 55.26, 31.03, 50.0, 55.36, 55.26, 31.03, 50.0, 55.36, 55.26, 31.03, 50.0, 55.36, 55.26, 31.03, 50.0, 55.36, 55.26, 31.03, 50.0, 55.36, 55.26, 31.03, 50.0, 55.36, 55.26, 31.03, 50.0, 55.36, 55.26, 31.03, 50.0, 55.36, 55.26, 31.03, 50.0] | Shifted: No
Round 37 | Mean Acc: 47.78% | Domain Accs: [55.36, 54.74, 31.03, 50.0, 55.36, 54.74, 31.03, 50.0, 55.36, 54.74, 31.03, 50.0, 55.36, 54.74, 31.03, 50.0, 55.36, 54.74, 31.03, 50.0, 55.36, 54.74, 31.03, 50.0, 55.36, 54.74, 31.03, 50.0, 55.36, 54.74, 31.03, 50.0, 55.36, 54.74, 31.03, 50.0, 55.36, 54.74, 31.03, 50.0, 55.36, 54.74, 31.03, 50.0, 55.36, 54.74, 31.03, 50.0, 55.36, 54.74, 31.03, 50.0, 55.36, 54.74, 31.03, 50.0, 55.36, 54.74, 31.03, 50.0, 55.36, 54.74, 31.03, 50.0] | Shifted: No
Round 38 | Mean Acc: 48.48% | Domain Accs: [55.36, 55.79, 32.76, 50.0, 55.36, 55.79, 32.76, 50.0, 55.36, 55.79, 32.76, 50.0, 55.36, 55.79, 32.76, 50.0, 55.36, 55.79, 32.76, 50.0, 55.36, 55.79, 32.76, 50.0, 55.36, 55.79, 32.76, 50.0, 55.36, 55.79, 32.76, 50.0, 55.36, 55.79, 32.76, 50.0, 55.36, 55.79, 32.76, 50.0, 55.36, 55.79, 32.76, 50.0, 55.36, 55.79, 32.76, 50.0, 55.36, 55.79, 32.76, 50.0, 55.36, 55.79, 32.76, 50.0, 55.36, 55.79, 32.76, 50.0, 55.36, 55.79, 32.76, 50.0] | Shifted: No
Round 39 | Mean Acc: 48.91% | Domain Accs: [55.36, 55.79, 34.48, 50.0, 55.36, 55.79, 34.48, 50.0, 55.36, 55.79, 34.48, 50.0, 55.36, 55.79, 34.48, 50.0, 55.36, 55.79, 34.48, 50.0, 55.36, 55.79, 34.48, 50.0, 55.36, 55.79, 34.48, 50.0, 55.36, 55.79, 34.48, 50.0, 55.36, 55.79, 34.48, 50.0, 55.36, 55.79, 34.48, 50.0, 55.36, 55.79, 34.48, 50.0, 55.36, 55.79, 34.48, 50.0, 55.36, 55.79, 34.48, 50.0, 55.36, 55.79, 34.48, 50.0, 55.36, 55.79, 34.48, 50.0, 55.36, 55.79, 34.48, 50.0] | Shifted: No
  ★ New best accuracy: 48.91%
===== DOMAIN SHIFT AT ROUND 40 =====
New domain distribution:
  caltech: 3 clients
  amazon: 0 clients
  webcam: 5 clients
  dslr: 2 clients

Round 40 | Mean Acc: 49.32% | Domain Accs: [55.8, 55.26, 36.21, 50.0, 55.8, 55.26, 36.21, 50.0, 55.8, 55.26, 36.21, 50.0, 55.8, 55.26, 36.21, 50.0, 55.8, 55.26, 36.21, 50.0, 55.8, 55.26, 36.21, 50.0, 55.8, 55.26, 36.21, 50.0, 55.8, 55.26, 36.21, 50.0, 55.8, 55.26, 36.21, 50.0, 55.8, 55.26, 36.21, 50.0, 55.8, 55.26, 36.21, 50.0, 55.8, 55.26, 36.21, 50.0, 55.8, 55.26, 36.21, 50.0, 55.8, 55.26, 36.21, 50.0, 55.8, 55.26, 36.21, 50.0, 55.8, 55.26, 36.21, 50.0] | Shifted: Yes
  ★ New best accuracy: 49.32%
Round 41 | Mean Acc: 49.13% | Domain Accs: [56.25, 55.79, 34.48, 50.0, 56.25, 55.79, 34.48, 50.0, 56.25, 55.79, 34.48, 50.0, 56.25, 55.79, 34.48, 50.0, 56.25, 55.79, 34.48, 50.0, 56.25, 55.79, 34.48, 50.0, 56.25, 55.79, 34.48, 50.0, 56.25, 55.79, 34.48, 50.0, 56.25, 55.79, 34.48, 50.0, 56.25, 55.79, 34.48, 50.0, 56.25, 55.79, 34.48, 50.0, 56.25, 55.79, 34.48, 50.0, 56.25, 55.79, 34.48, 50.0, 56.25, 55.79, 34.48, 50.0, 56.25, 55.79, 34.48, 50.0, 56.25, 55.79, 34.48, 50.0] | Shifted: No
Round 42 | Mean Acc: 48.91% | Domain Accs: [55.36, 55.79, 34.48, 50.0, 55.36, 55.79, 34.48, 50.0, 55.36, 55.79, 34.48, 50.0, 55.36, 55.79, 34.48, 50.0, 55.36, 55.79, 34.48, 50.0, 55.36, 55.79, 34.48, 50.0, 55.36, 55.79, 34.48, 50.0, 55.36, 55.79, 34.48, 50.0, 55.36, 55.79, 34.48, 50.0, 55.36, 55.79, 34.48, 50.0, 55.36, 55.79, 34.48, 50.0, 55.36, 55.79, 34.48, 50.0, 55.36, 55.79, 34.48, 50.0, 55.36, 55.79, 34.48, 50.0, 55.36, 55.79, 34.48, 50.0, 55.36, 55.79, 34.48, 50.0] | Shifted: No
Round 43 | Mean Acc: 48.80% | Domain Accs: [54.91, 55.79, 34.48, 50.0, 54.91, 55.79, 34.48, 50.0, 54.91, 55.79, 34.48, 50.0, 54.91, 55.79, 34.48, 50.0, 54.91, 55.79, 34.48, 50.0, 54.91, 55.79, 34.48, 50.0, 54.91, 55.79, 34.48, 50.0, 54.91, 55.79, 34.48, 50.0, 54.91, 55.79, 34.48, 50.0, 54.91, 55.79, 34.48, 50.0, 54.91, 55.79, 34.48, 50.0, 54.91, 55.79, 34.48, 50.0, 54.91, 55.79, 34.48, 50.0, 54.91, 55.79, 34.48, 50.0, 54.91, 55.79, 34.48, 50.0, 54.91, 55.79, 34.48, 50.0] | Shifted: No
Round 44 | Mean Acc: 49.04% | Domain Accs: [55.36, 56.32, 34.48, 50.0, 55.36, 56.32, 34.48, 50.0, 55.36, 56.32, 34.48, 50.0, 55.36, 56.32, 34.48, 50.0, 55.36, 56.32, 34.48, 50.0, 55.36, 56.32, 34.48, 50.0, 55.36, 56.32, 34.48, 50.0, 55.36, 56.32, 34.48, 50.0, 55.36, 56.32, 34.48, 50.0, 55.36, 56.32, 34.48, 50.0, 55.36, 56.32, 34.48, 50.0, 55.36, 56.32, 34.48, 50.0, 55.36, 56.32, 34.48, 50.0, 55.36, 56.32, 34.48, 50.0, 55.36, 56.32, 34.48, 50.0, 55.36, 56.32, 34.48, 50.0] | Shifted: No
===== DOMAIN SHIFT AT ROUND 45 =====
New domain distribution:
  caltech: 2 clients
  amazon: 2 clients
  webcam: 3 clients
  dslr: 3 clients

Round 45 | Mean Acc: 48.34% | Domain Accs: [55.36, 55.26, 32.76, 50.0, 55.36, 55.26, 32.76, 50.0, 55.36, 55.26, 32.76, 50.0, 55.36, 55.26, 32.76, 50.0, 55.36, 55.26, 32.76, 50.0, 55.36, 55.26, 32.76, 50.0, 55.36, 55.26, 32.76, 50.0, 55.36, 55.26, 32.76, 50.0, 55.36, 55.26, 32.76, 50.0, 55.36, 55.26, 32.76, 50.0, 55.36, 55.26, 32.76, 50.0, 55.36, 55.26, 32.76, 50.0, 55.36, 55.26, 32.76, 50.0, 55.36, 55.26, 32.76, 50.0, 55.36, 55.26, 32.76, 50.0, 55.36, 55.26, 32.76, 50.0] | Shifted: Yes
Round 46 | Mean Acc: 49.21% | Domain Accs: [55.36, 55.26, 36.21, 50.0, 55.36, 55.26, 36.21, 50.0, 55.36, 55.26, 36.21, 50.0, 55.36, 55.26, 36.21, 50.0, 55.36, 55.26, 36.21, 50.0, 55.36, 55.26, 36.21, 50.0, 55.36, 55.26, 36.21, 50.0, 55.36, 55.26, 36.21, 50.0, 55.36, 55.26, 36.21, 50.0, 55.36, 55.26, 36.21, 50.0, 55.36, 55.26, 36.21, 50.0, 55.36, 55.26, 36.21, 50.0, 55.36, 55.26, 36.21, 50.0, 55.36, 55.26, 36.21, 50.0, 55.36, 55.26, 36.21, 50.0, 55.36, 55.26, 36.21, 50.0] | Shifted: No
Round 47 | Mean Acc: 49.28% | Domain Accs: [55.8, 56.84, 34.48, 50.0, 55.8, 56.84, 34.48, 50.0, 55.8, 56.84, 34.48, 50.0, 55.8, 56.84, 34.48, 50.0, 55.8, 56.84, 34.48, 50.0, 55.8, 56.84, 34.48, 50.0, 55.8, 56.84, 34.48, 50.0, 55.8, 56.84, 34.48, 50.0, 55.8, 56.84, 34.48, 50.0, 55.8, 56.84, 34.48, 50.0, 55.8, 56.84, 34.48, 50.0, 55.8, 56.84, 34.48, 50.0, 55.8, 56.84, 34.48, 50.0, 55.8, 56.84, 34.48, 50.0, 55.8, 56.84, 34.48, 50.0, 55.8, 56.84, 34.48, 50.0] | Shifted: No
Round 48 | Mean Acc: 49.15% | Domain Accs: [55.8, 56.32, 34.48, 50.0, 55.8, 56.32, 34.48, 50.0, 55.8, 56.32, 34.48, 50.0, 55.8, 56.32, 34.48, 50.0, 55.8, 56.32, 34.48, 50.0, 55.8, 56.32, 34.48, 50.0, 55.8, 56.32, 34.48, 50.0, 55.8, 56.32, 34.48, 50.0, 55.8, 56.32, 34.48, 50.0, 55.8, 56.32, 34.48, 50.0, 55.8, 56.32, 34.48, 50.0, 55.8, 56.32, 34.48, 50.0, 55.8, 56.32, 34.48, 50.0, 55.8, 56.32, 34.48, 50.0, 55.8, 56.32, 34.48, 50.0, 55.8, 56.32, 34.48, 50.0] | Shifted: No
Round 49 | Mean Acc: 49.02% | Domain Accs: [55.8, 55.79, 34.48, 50.0, 55.8, 55.79, 34.48, 50.0, 55.8, 55.79, 34.48, 50.0, 55.8, 55.79, 34.48, 50.0, 55.8, 55.79, 34.48, 50.0, 55.8, 55.79, 34.48, 50.0, 55.8, 55.79, 34.48, 50.0, 55.8, 55.79, 34.48, 50.0, 55.8, 55.79, 34.48, 50.0, 55.8, 55.79, 34.48, 50.0, 55.8, 55.79, 34.48, 50.0, 55.8, 55.79, 34.48, 50.0, 55.8, 55.79, 34.48, 50.0, 55.8, 55.79, 34.48, 50.0, 55.8, 55.79, 34.48, 50.0, 55.8, 55.79, 34.48, 50.0] | Shifted: No
===== DOMAIN SHIFT AT ROUND 50 =====
New domain distribution:
  caltech: 5 clients
  amazon: 2 clients
  webcam: 2 clients
  dslr: 1 clients

Round 50 | Mean Acc: 49.00% | Domain Accs: [56.25, 55.26, 34.48, 50.0, 56.25, 55.26, 34.48, 50.0, 56.25, 55.26, 34.48, 50.0, 56.25, 55.26, 34.48, 50.0, 56.25, 55.26, 34.48, 50.0, 56.25, 55.26, 34.48, 50.0, 56.25, 55.26, 34.48, 50.0, 56.25, 55.26, 34.48, 50.0, 56.25, 55.26, 34.48, 50.0, 56.25, 55.26, 34.48, 50.0, 56.25, 55.26, 34.48, 50.0, 56.25, 55.26, 34.48, 50.0, 56.25, 55.26, 34.48, 50.0, 56.25, 55.26, 34.48, 50.0, 56.25, 55.26, 34.48, 50.0, 56.25, 55.26, 34.48, 50.0] | Shifted: Yes
Round 51 | Mean Acc: 49.11% | Domain Accs: [56.7, 55.26, 34.48, 50.0, 56.7, 55.26, 34.48, 50.0, 56.7, 55.26, 34.48, 50.0, 56.7, 55.26, 34.48, 50.0, 56.7, 55.26, 34.48, 50.0, 56.7, 55.26, 34.48, 50.0, 56.7, 55.26, 34.48, 50.0, 56.7, 55.26, 34.48, 50.0, 56.7, 55.26, 34.48, 50.0, 56.7, 55.26, 34.48, 50.0, 56.7, 55.26, 34.48, 50.0, 56.7, 55.26, 34.48, 50.0, 56.7, 55.26, 34.48, 50.0, 56.7, 55.26, 34.48, 50.0, 56.7, 55.26, 34.48, 50.0, 56.7, 55.26, 34.48, 50.0] | Shifted: No
Round 52 | Mean Acc: 48.80% | Domain Accs: [54.91, 55.79, 34.48, 50.0, 54.91, 55.79, 34.48, 50.0, 54.91, 55.79, 34.48, 50.0, 54.91, 55.79, 34.48, 50.0, 54.91, 55.79, 34.48, 50.0, 54.91, 55.79, 34.48, 50.0, 54.91, 55.79, 34.48, 50.0, 54.91, 55.79, 34.48, 50.0, 54.91, 55.79, 34.48, 50.0, 54.91, 55.79, 34.48, 50.0, 54.91, 55.79, 34.48, 50.0, 54.91, 55.79, 34.48, 50.0, 54.91, 55.79, 34.48, 50.0, 54.91, 55.79, 34.48, 50.0, 54.91, 55.79, 34.48, 50.0, 54.91, 55.79, 34.48, 50.0] | Shifted: No
Round 53 | Mean Acc: 49.02% | Domain Accs: [55.8, 55.79, 34.48, 50.0, 55.8, 55.79, 34.48, 50.0, 55.8, 55.79, 34.48, 50.0, 55.8, 55.79, 34.48, 50.0, 55.8, 55.79, 34.48, 50.0, 55.8, 55.79, 34.48, 50.0, 55.8, 55.79, 34.48, 50.0, 55.8, 55.79, 34.48, 50.0, 55.8, 55.79, 34.48, 50.0, 55.8, 55.79, 34.48, 50.0, 55.8, 55.79, 34.48, 50.0, 55.8, 55.79, 34.48, 50.0, 55.8, 55.79, 34.48, 50.0, 55.8, 55.79, 34.48, 50.0, 55.8, 55.79, 34.48, 50.0, 55.8, 55.79, 34.48, 50.0] | Shifted: No
Round 54 | Mean Acc: 49.13% | Domain Accs: [56.25, 55.79, 34.48, 50.0, 56.25, 55.79, 34.48, 50.0, 56.25, 55.79, 34.48, 50.0, 56.25, 55.79, 34.48, 50.0, 56.25, 55.79, 34.48, 50.0, 56.25, 55.79, 34.48, 50.0, 56.25, 55.79, 34.48, 50.0, 56.25, 55.79, 34.48, 50.0, 56.25, 55.79, 34.48, 50.0, 56.25, 55.79, 34.48, 50.0, 56.25, 55.79, 34.48, 50.0, 56.25, 55.79, 34.48, 50.0, 56.25, 55.79, 34.48, 50.0, 56.25, 55.79, 34.48, 50.0, 56.25, 55.79, 34.48, 50.0, 56.25, 55.79, 34.48, 50.0] | Shifted: No
===== DOMAIN SHIFT AT ROUND 55 =====
New domain distribution:
  caltech: 4 clients
  amazon: 2 clients
  webcam: 1 clients
  dslr: 3 clients

Round 55 | Mean Acc: 49.04% | Domain Accs: [55.36, 56.32, 34.48, 50.0, 55.36, 56.32, 34.48, 50.0, 55.36, 56.32, 34.48, 50.0, 55.36, 56.32, 34.48, 50.0, 55.36, 56.32, 34.48, 50.0, 55.36, 56.32, 34.48, 50.0, 55.36, 56.32, 34.48, 50.0, 55.36, 56.32, 34.48, 50.0, 55.36, 56.32, 34.48, 50.0, 55.36, 56.32, 34.48, 50.0, 55.36, 56.32, 34.48, 50.0, 55.36, 56.32, 34.48, 50.0, 55.36, 56.32, 34.48, 50.0, 55.36, 56.32, 34.48, 50.0, 55.36, 56.32, 34.48, 50.0, 55.36, 56.32, 34.48, 50.0] | Shifted: Yes
Round 56 | Mean Acc: 48.61% | Domain Accs: [55.36, 56.32, 32.76, 50.0, 55.36, 56.32, 32.76, 50.0, 55.36, 56.32, 32.76, 50.0, 55.36, 56.32, 32.76, 50.0, 55.36, 56.32, 32.76, 50.0, 55.36, 56.32, 32.76, 50.0, 55.36, 56.32, 32.76, 50.0, 55.36, 56.32, 32.76, 50.0, 55.36, 56.32, 32.76, 50.0, 55.36, 56.32, 32.76, 50.0, 55.36, 56.32, 32.76, 50.0, 55.36, 56.32, 32.76, 50.0, 55.36, 56.32, 32.76, 50.0, 55.36, 56.32, 32.76, 50.0, 55.36, 56.32, 32.76, 50.0, 55.36, 56.32, 32.76, 50.0] | Shifted: No
Round 57 | Mean Acc: 49.02% | Domain Accs: [55.8, 55.79, 34.48, 50.0, 55.8, 55.79, 34.48, 50.0, 55.8, 55.79, 34.48, 50.0, 55.8, 55.79, 34.48, 50.0, 55.8, 55.79, 34.48, 50.0, 55.8, 55.79, 34.48, 50.0, 55.8, 55.79, 34.48, 50.0, 55.8, 55.79, 34.48, 50.0, 55.8, 55.79, 34.48, 50.0, 55.8, 55.79, 34.48, 50.0, 55.8, 55.79, 34.48, 50.0, 55.8, 55.79, 34.48, 50.0, 55.8, 55.79, 34.48, 50.0, 55.8, 55.79, 34.48, 50.0, 55.8, 55.79, 34.48, 50.0, 55.8, 55.79, 34.48, 50.0] | Shifted: No
Round 58 | Mean Acc: 48.88% | Domain Accs: [55.8, 55.26, 34.48, 50.0, 55.8, 55.26, 34.48, 50.0, 55.8, 55.26, 34.48, 50.0, 55.8, 55.26, 34.48, 50.0, 55.8, 55.26, 34.48, 50.0, 55.8, 55.26, 34.48, 50.0, 55.8, 55.26, 34.48, 50.0, 55.8, 55.26, 34.48, 50.0, 55.8, 55.26, 34.48, 50.0, 55.8, 55.26, 34.48, 50.0, 55.8, 55.26, 34.48, 50.0, 55.8, 55.26, 34.48, 50.0, 55.8, 55.26, 34.48, 50.0, 55.8, 55.26, 34.48, 50.0, 55.8, 55.26, 34.48, 50.0, 55.8, 55.26, 34.48, 50.0] | Shifted: No
Round 59 | Mean Acc: 49.34% | Domain Accs: [55.36, 54.21, 34.48, 53.33, 55.36, 54.21, 34.48, 53.33, 55.36, 54.21, 34.48, 53.33, 55.36, 54.21, 34.48, 53.33, 55.36, 54.21, 34.48, 53.33, 55.36, 54.21, 34.48, 53.33, 55.36, 54.21, 34.48, 53.33, 55.36, 54.21, 34.48, 53.33, 55.36, 54.21, 34.48, 53.33, 55.36, 54.21, 34.48, 53.33, 55.36, 54.21, 34.48, 53.33, 55.36, 54.21, 34.48, 53.33, 55.36, 54.21, 34.48, 53.33, 55.36, 54.21, 34.48, 53.33, 55.36, 54.21, 34.48, 53.33, 55.36, 54.21, 34.48, 53.33] | Shifted: No
  ★ New best accuracy: 49.34%
===== DOMAIN SHIFT AT ROUND 60 =====
New domain distribution:
  caltech: 4 clients
  amazon: 2 clients
  webcam: 2 clients
  dslr: 2 clients

Round 60 | Mean Acc: 50.04% | Domain Accs: [55.36, 55.26, 36.21, 53.33, 55.36, 55.26, 36.21, 53.33, 55.36, 55.26, 36.21, 53.33, 55.36, 55.26, 36.21, 53.33, 55.36, 55.26, 36.21, 53.33, 55.36, 55.26, 36.21, 53.33, 55.36, 55.26, 36.21, 53.33, 55.36, 55.26, 36.21, 53.33, 55.36, 55.26, 36.21, 53.33, 55.36, 55.26, 36.21, 53.33, 55.36, 55.26, 36.21, 53.33, 55.36, 55.26, 36.21, 53.33, 55.36, 55.26, 36.21, 53.33, 55.36, 55.26, 36.21, 53.33, 55.36, 55.26, 36.21, 53.33, 55.36, 55.26, 36.21, 53.33] | Shifted: Yes
  ★ New best accuracy: 50.04%
Round 61 | Mean Acc: 49.89% | Domain Accs: [55.8, 54.21, 36.21, 53.33, 55.8, 54.21, 36.21, 53.33, 55.8, 54.21, 36.21, 53.33, 55.8, 54.21, 36.21, 53.33, 55.8, 54.21, 36.21, 53.33, 55.8, 54.21, 36.21, 53.33, 55.8, 54.21, 36.21, 53.33, 55.8, 54.21, 36.21, 53.33, 55.8, 54.21, 36.21, 53.33, 55.8, 54.21, 36.21, 53.33, 55.8, 54.21, 36.21, 53.33, 55.8, 54.21, 36.21, 53.33, 55.8, 54.21, 36.21, 53.33, 55.8, 54.21, 36.21, 53.33, 55.8, 54.21, 36.21, 53.33, 55.8, 54.21, 36.21, 53.33] | Shifted: No
Round 62 | Mean Acc: 49.63% | Domain Accs: [54.91, 55.79, 34.48, 53.33, 54.91, 55.79, 34.48, 53.33, 54.91, 55.79, 34.48, 53.33, 54.91, 55.79, 34.48, 53.33, 54.91, 55.79, 34.48, 53.33, 54.91, 55.79, 34.48, 53.33, 54.91, 55.79, 34.48, 53.33, 54.91, 55.79, 34.48, 53.33, 54.91, 55.79, 34.48, 53.33, 54.91, 55.79, 34.48, 53.33, 54.91, 55.79, 34.48, 53.33, 54.91, 55.79, 34.48, 53.33, 54.91, 55.79, 34.48, 53.33, 54.91, 55.79, 34.48, 53.33, 54.91, 55.79, 34.48, 53.33, 54.91, 55.79, 34.48, 53.33] | Shifted: No
Round 63 | Mean Acc: 49.87% | Domain Accs: [55.36, 56.32, 34.48, 53.33, 55.36, 56.32, 34.48, 53.33, 55.36, 56.32, 34.48, 53.33, 55.36, 56.32, 34.48, 53.33, 55.36, 56.32, 34.48, 53.33, 55.36, 56.32, 34.48, 53.33, 55.36, 56.32, 34.48, 53.33, 55.36, 56.32, 34.48, 53.33, 55.36, 56.32, 34.48, 53.33, 55.36, 56.32, 34.48, 53.33, 55.36, 56.32, 34.48, 53.33, 55.36, 56.32, 34.48, 53.33, 55.36, 56.32, 34.48, 53.33, 55.36, 56.32, 34.48, 53.33, 55.36, 56.32, 34.48, 53.33, 55.36, 56.32, 34.48, 53.33] | Shifted: No
Round 64 | Mean Acc: 49.18% | Domain Accs: [55.36, 55.26, 32.76, 53.33, 55.36, 55.26, 32.76, 53.33, 55.36, 55.26, 32.76, 53.33, 55.36, 55.26, 32.76, 53.33, 55.36, 55.26, 32.76, 53.33, 55.36, 55.26, 32.76, 53.33, 55.36, 55.26, 32.76, 53.33, 55.36, 55.26, 32.76, 53.33, 55.36, 55.26, 32.76, 53.33, 55.36, 55.26, 32.76, 53.33, 55.36, 55.26, 32.76, 53.33, 55.36, 55.26, 32.76, 53.33, 55.36, 55.26, 32.76, 53.33, 55.36, 55.26, 32.76, 53.33, 55.36, 55.26, 32.76, 53.33, 55.36, 55.26, 32.76, 53.33] | Shifted: No
===== DOMAIN SHIFT AT ROUND 65 =====
New domain distribution:
  caltech: 4 clients
  amazon: 2 clients
  webcam: 3 clients
  dslr: 1 clients

Round 65 | Mean Acc: 49.06% | Domain Accs: [54.91, 55.26, 32.76, 53.33, 54.91, 55.26, 32.76, 53.33, 54.91, 55.26, 32.76, 53.33, 54.91, 55.26, 32.76, 53.33, 54.91, 55.26, 32.76, 53.33, 54.91, 55.26, 32.76, 53.33, 54.91, 55.26, 32.76, 53.33, 54.91, 55.26, 32.76, 53.33, 54.91, 55.26, 32.76, 53.33, 54.91, 55.26, 32.76, 53.33, 54.91, 55.26, 32.76, 53.33, 54.91, 55.26, 32.76, 53.33, 54.91, 55.26, 32.76, 53.33, 54.91, 55.26, 32.76, 53.33, 54.91, 55.26, 32.76, 53.33, 54.91, 55.26, 32.76, 53.33] | Shifted: Yes
Round 66 | Mean Acc: 50.26% | Domain Accs: [56.25, 55.26, 36.21, 53.33, 56.25, 55.26, 36.21, 53.33, 56.25, 55.26, 36.21, 53.33, 56.25, 55.26, 36.21, 53.33, 56.25, 55.26, 36.21, 53.33, 56.25, 55.26, 36.21, 53.33, 56.25, 55.26, 36.21, 53.33, 56.25, 55.26, 36.21, 53.33, 56.25, 55.26, 36.21, 53.33, 56.25, 55.26, 36.21, 53.33, 56.25, 55.26, 36.21, 53.33, 56.25, 55.26, 36.21, 53.33, 56.25, 55.26, 36.21, 53.33, 56.25, 55.26, 36.21, 53.33, 56.25, 55.26, 36.21, 53.33, 56.25, 55.26, 36.21, 53.33] | Shifted: No
  ★ New best accuracy: 50.26%
Round 67 | Mean Acc: 50.15% | Domain Accs: [55.8, 55.26, 36.21, 53.33, 55.8, 55.26, 36.21, 53.33, 55.8, 55.26, 36.21, 53.33, 55.8, 55.26, 36.21, 53.33, 55.8, 55.26, 36.21, 53.33, 55.8, 55.26, 36.21, 53.33, 55.8, 55.26, 36.21, 53.33, 55.8, 55.26, 36.21, 53.33, 55.8, 55.26, 36.21, 53.33, 55.8, 55.26, 36.21, 53.33, 55.8, 55.26, 36.21, 53.33, 55.8, 55.26, 36.21, 53.33, 55.8, 55.26, 36.21, 53.33, 55.8, 55.26, 36.21, 53.33, 55.8, 55.26, 36.21, 53.33, 55.8, 55.26, 36.21, 53.33] | Shifted: No
Round 68 | Mean Acc: 49.23% | Domain Accs: [54.91, 55.79, 36.21, 50.0, 54.91, 55.79, 36.21, 50.0, 54.91, 55.79, 36.21, 50.0, 54.91, 55.79, 36.21, 50.0, 54.91, 55.79, 36.21, 50.0, 54.91, 55.79, 36.21, 50.0, 54.91, 55.79, 36.21, 50.0, 54.91, 55.79, 36.21, 50.0, 54.91, 55.79, 36.21, 50.0, 54.91, 55.79, 36.21, 50.0, 54.91, 55.79, 36.21, 50.0, 54.91, 55.79, 36.21, 50.0, 54.91, 55.79, 36.21, 50.0, 54.91, 55.79, 36.21, 50.0, 54.91, 55.79, 36.21, 50.0, 54.91, 55.79, 36.21, 50.0] | Shifted: No
Round 69 | Mean Acc: 49.58% | Domain Accs: [55.8, 56.32, 36.21, 50.0, 55.8, 56.32, 36.21, 50.0, 55.8, 56.32, 36.21, 50.0, 55.8, 56.32, 36.21, 50.0, 55.8, 56.32, 36.21, 50.0, 55.8, 56.32, 36.21, 50.0, 55.8, 56.32, 36.21, 50.0, 55.8, 56.32, 36.21, 50.0, 55.8, 56.32, 36.21, 50.0, 55.8, 56.32, 36.21, 50.0, 55.8, 56.32, 36.21, 50.0, 55.8, 56.32, 36.21, 50.0, 55.8, 56.32, 36.21, 50.0, 55.8, 56.32, 36.21, 50.0, 55.8, 56.32, 36.21, 50.0, 55.8, 56.32, 36.21, 50.0] | Shifted: No
===== DOMAIN SHIFT AT ROUND 70 =====
New domain distribution:
  caltech: 4 clients
  amazon: 4 clients
  webcam: 1 clients
  dslr: 1 clients

Round 70 | Mean Acc: 49.45% | Domain Accs: [55.8, 55.79, 36.21, 50.0, 55.8, 55.79, 36.21, 50.0, 55.8, 55.79, 36.21, 50.0, 55.8, 55.79, 36.21, 50.0, 55.8, 55.79, 36.21, 50.0, 55.8, 55.79, 36.21, 50.0, 55.8, 55.79, 36.21, 50.0, 55.8, 55.79, 36.21, 50.0, 55.8, 55.79, 36.21, 50.0, 55.8, 55.79, 36.21, 50.0, 55.8, 55.79, 36.21, 50.0, 55.8, 55.79, 36.21, 50.0, 55.8, 55.79, 36.21, 50.0, 55.8, 55.79, 36.21, 50.0, 55.8, 55.79, 36.21, 50.0, 55.8, 55.79, 36.21, 50.0] | Shifted: Yes
Round 71 | Mean Acc: 48.32% | Domain Accs: [55.8, 56.32, 34.48, 46.67, 55.8, 56.32, 34.48, 46.67, 55.8, 56.32, 34.48, 46.67, 55.8, 56.32, 34.48, 46.67, 55.8, 56.32, 34.48, 46.67, 55.8, 56.32, 34.48, 46.67, 55.8, 56.32, 34.48, 46.67, 55.8, 56.32, 34.48, 46.67, 55.8, 56.32, 34.48, 46.67, 55.8, 56.32, 34.48, 46.67, 55.8, 56.32, 34.48, 46.67, 55.8, 56.32, 34.48, 46.67, 55.8, 56.32, 34.48, 46.67, 55.8, 56.32, 34.48, 46.67, 55.8, 56.32, 34.48, 46.67, 55.8, 56.32, 34.48, 46.67] | Shifted: No
Round 72 | Mean Acc: 48.19% | Domain Accs: [55.8, 55.79, 34.48, 46.67, 55.8, 55.79, 34.48, 46.67, 55.8, 55.79, 34.48, 46.67, 55.8, 55.79, 34.48, 46.67, 55.8, 55.79, 34.48, 46.67, 55.8, 55.79, 34.48, 46.67, 55.8, 55.79, 34.48, 46.67, 55.8, 55.79, 34.48, 46.67, 55.8, 55.79, 34.48, 46.67, 55.8, 55.79, 34.48, 46.67, 55.8, 55.79, 34.48, 46.67, 55.8, 55.79, 34.48, 46.67, 55.8, 55.79, 34.48, 46.67, 55.8, 55.79, 34.48, 46.67, 55.8, 55.79, 34.48, 46.67, 55.8, 55.79, 34.48, 46.67] | Shifted: No
Round 73 | Mean Acc: 49.30% | Domain Accs: [55.36, 57.37, 34.48, 50.0, 55.36, 57.37, 34.48, 50.0, 55.36, 57.37, 34.48, 50.0, 55.36, 57.37, 34.48, 50.0, 55.36, 57.37, 34.48, 50.0, 55.36, 57.37, 34.48, 50.0, 55.36, 57.37, 34.48, 50.0, 55.36, 57.37, 34.48, 50.0, 55.36, 57.37, 34.48, 50.0, 55.36, 57.37, 34.48, 50.0, 55.36, 57.37, 34.48, 50.0, 55.36, 57.37, 34.48, 50.0, 55.36, 57.37, 34.48, 50.0, 55.36, 57.37, 34.48, 50.0, 55.36, 57.37, 34.48, 50.0, 55.36, 57.37, 34.48, 50.0] | Shifted: No
Round 74 | Mean Acc: 49.41% | Domain Accs: [55.8, 57.37, 34.48, 50.0, 55.8, 57.37, 34.48, 50.0, 55.8, 57.37, 34.48, 50.0, 55.8, 57.37, 34.48, 50.0, 55.8, 57.37, 34.48, 50.0, 55.8, 57.37, 34.48, 50.0, 55.8, 57.37, 34.48, 50.0, 55.8, 57.37, 34.48, 50.0, 55.8, 57.37, 34.48, 50.0, 55.8, 57.37, 34.48, 50.0, 55.8, 57.37, 34.48, 50.0, 55.8, 57.37, 34.48, 50.0, 55.8, 57.37, 34.48, 50.0, 55.8, 57.37, 34.48, 50.0, 55.8, 57.37, 34.48, 50.0, 55.8, 57.37, 34.48, 50.0] | Shifted: No
===== DOMAIN SHIFT AT ROUND 75 =====
New domain distribution:
  caltech: 7 clients
  amazon: 2 clients
  webcam: 0 clients
  dslr: 1 clients

Round 75 | Mean Acc: 49.64% | Domain Accs: [56.7, 57.37, 34.48, 50.0, 56.7, 57.37, 34.48, 50.0, 56.7, 57.37, 34.48, 50.0, 56.7, 57.37, 34.48, 50.0, 56.7, 57.37, 34.48, 50.0, 56.7, 57.37, 34.48, 50.0, 56.7, 57.37, 34.48, 50.0, 56.7, 57.37, 34.48, 50.0, 56.7, 57.37, 34.48, 50.0, 56.7, 57.37, 34.48, 50.0, 56.7, 57.37, 34.48, 50.0, 56.7, 57.37, 34.48, 50.0, 56.7, 57.37, 34.48, 50.0, 56.7, 57.37, 34.48, 50.0, 56.7, 57.37, 34.48, 50.0, 56.7, 57.37, 34.48, 50.0] | Shifted: Yes
Round 76 | Mean Acc: 49.26% | Domain Accs: [56.25, 56.32, 34.48, 50.0, 56.25, 56.32, 34.48, 50.0, 56.25, 56.32, 34.48, 50.0, 56.25, 56.32, 34.48, 50.0, 56.25, 56.32, 34.48, 50.0, 56.25, 56.32, 34.48, 50.0, 56.25, 56.32, 34.48, 50.0, 56.25, 56.32, 34.48, 50.0, 56.25, 56.32, 34.48, 50.0, 56.25, 56.32, 34.48, 50.0, 56.25, 56.32, 34.48, 50.0, 56.25, 56.32, 34.48, 50.0, 56.25, 56.32, 34.48, 50.0, 56.25, 56.32, 34.48, 50.0, 56.25, 56.32, 34.48, 50.0, 56.25, 56.32, 34.48, 50.0] | Shifted: No
Round 77 | Mean Acc: 49.04% | Domain Accs: [55.36, 56.32, 34.48, 50.0, 55.36, 56.32, 34.48, 50.0, 55.36, 56.32, 34.48, 50.0, 55.36, 56.32, 34.48, 50.0, 55.36, 56.32, 34.48, 50.0, 55.36, 56.32, 34.48, 50.0, 55.36, 56.32, 34.48, 50.0, 55.36, 56.32, 34.48, 50.0, 55.36, 56.32, 34.48, 50.0, 55.36, 56.32, 34.48, 50.0, 55.36, 56.32, 34.48, 50.0, 55.36, 56.32, 34.48, 50.0, 55.36, 56.32, 34.48, 50.0, 55.36, 56.32, 34.48, 50.0, 55.36, 56.32, 34.48, 50.0, 55.36, 56.32, 34.48, 50.0] | Shifted: No
Round 78 | Mean Acc: 49.13% | Domain Accs: [56.25, 55.79, 34.48, 50.0, 56.25, 55.79, 34.48, 50.0, 56.25, 55.79, 34.48, 50.0, 56.25, 55.79, 34.48, 50.0, 56.25, 55.79, 34.48, 50.0, 56.25, 55.79, 34.48, 50.0, 56.25, 55.79, 34.48, 50.0, 56.25, 55.79, 34.48, 50.0, 56.25, 55.79, 34.48, 50.0, 56.25, 55.79, 34.48, 50.0, 56.25, 55.79, 34.48, 50.0, 56.25, 55.79, 34.48, 50.0, 56.25, 55.79, 34.48, 50.0, 56.25, 55.79, 34.48, 50.0, 56.25, 55.79, 34.48, 50.0, 56.25, 55.79, 34.48, 50.0] | Shifted: No
Round 79 | Mean Acc: 48.88% | Domain Accs: [55.8, 55.26, 34.48, 50.0, 55.8, 55.26, 34.48, 50.0, 55.8, 55.26, 34.48, 50.0, 55.8, 55.26, 34.48, 50.0, 55.8, 55.26, 34.48, 50.0, 55.8, 55.26, 34.48, 50.0, 55.8, 55.26, 34.48, 50.0, 55.8, 55.26, 34.48, 50.0, 55.8, 55.26, 34.48, 50.0, 55.8, 55.26, 34.48, 50.0, 55.8, 55.26, 34.48, 50.0, 55.8, 55.26, 34.48, 50.0, 55.8, 55.26, 34.48, 50.0, 55.8, 55.26, 34.48, 50.0, 55.8, 55.26, 34.48, 50.0, 55.8, 55.26, 34.48, 50.0] | Shifted: No
===== DOMAIN SHIFT AT ROUND 80 =====
New domain distribution:
  caltech: 4 clients
  amazon: 2 clients
  webcam: 2 clients
  dslr: 2 clients

Round 80 | Mean Acc: 48.88% | Domain Accs: [55.8, 55.26, 34.48, 50.0, 55.8, 55.26, 34.48, 50.0, 55.8, 55.26, 34.48, 50.0, 55.8, 55.26, 34.48, 50.0, 55.8, 55.26, 34.48, 50.0, 55.8, 55.26, 34.48, 50.0, 55.8, 55.26, 34.48, 50.0, 55.8, 55.26, 34.48, 50.0, 55.8, 55.26, 34.48, 50.0, 55.8, 55.26, 34.48, 50.0, 55.8, 55.26, 34.48, 50.0, 55.8, 55.26, 34.48, 50.0, 55.8, 55.26, 34.48, 50.0, 55.8, 55.26, 34.48, 50.0, 55.8, 55.26, 34.48, 50.0, 55.8, 55.26, 34.48, 50.0] | Shifted: Yes
Round 81 | Mean Acc: 48.05% | Domain Accs: [55.8, 55.26, 34.48, 46.67, 55.8, 55.26, 34.48, 46.67, 55.8, 55.26, 34.48, 46.67, 55.8, 55.26, 34.48, 46.67, 55.8, 55.26, 34.48, 46.67, 55.8, 55.26, 34.48, 46.67, 55.8, 55.26, 34.48, 46.67, 55.8, 55.26, 34.48, 46.67, 55.8, 55.26, 34.48, 46.67, 55.8, 55.26, 34.48, 46.67, 55.8, 55.26, 34.48, 46.67, 55.8, 55.26, 34.48, 46.67, 55.8, 55.26, 34.48, 46.67, 55.8, 55.26, 34.48, 46.67, 55.8, 55.26, 34.48, 46.67, 55.8, 55.26, 34.48, 46.67] | Shifted: No
Round 82 | Mean Acc: 49.41% | Domain Accs: [55.8, 57.37, 34.48, 50.0, 55.8, 57.37, 34.48, 50.0, 55.8, 57.37, 34.48, 50.0, 55.8, 57.37, 34.48, 50.0, 55.8, 57.37, 34.48, 50.0, 55.8, 57.37, 34.48, 50.0, 55.8, 57.37, 34.48, 50.0, 55.8, 57.37, 34.48, 50.0, 55.8, 57.37, 34.48, 50.0, 55.8, 57.37, 34.48, 50.0, 55.8, 57.37, 34.48, 50.0, 55.8, 57.37, 34.48, 50.0, 55.8, 57.37, 34.48, 50.0, 55.8, 57.37, 34.48, 50.0, 55.8, 57.37, 34.48, 50.0, 55.8, 57.37, 34.48, 50.0] | Shifted: No
Round 83 | Mean Acc: 48.65% | Domain Accs: [55.36, 54.74, 34.48, 50.0, 55.36, 54.74, 34.48, 50.0, 55.36, 54.74, 34.48, 50.0, 55.36, 54.74, 34.48, 50.0, 55.36, 54.74, 34.48, 50.0, 55.36, 54.74, 34.48, 50.0, 55.36, 54.74, 34.48, 50.0, 55.36, 54.74, 34.48, 50.0, 55.36, 54.74, 34.48, 50.0, 55.36, 54.74, 34.48, 50.0, 55.36, 54.74, 34.48, 50.0, 55.36, 54.74, 34.48, 50.0, 55.36, 54.74, 34.48, 50.0, 55.36, 54.74, 34.48, 50.0, 55.36, 54.74, 34.48, 50.0, 55.36, 54.74, 34.48, 50.0] | Shifted: No
Round 84 | Mean Acc: 47.57% | Domain Accs: [54.91, 54.21, 34.48, 46.67, 54.91, 54.21, 34.48, 46.67, 54.91, 54.21, 34.48, 46.67, 54.91, 54.21, 34.48, 46.67, 54.91, 54.21, 34.48, 46.67, 54.91, 54.21, 34.48, 46.67, 54.91, 54.21, 34.48, 46.67, 54.91, 54.21, 34.48, 46.67, 54.91, 54.21, 34.48, 46.67, 54.91, 54.21, 34.48, 46.67, 54.91, 54.21, 34.48, 46.67, 54.91, 54.21, 34.48, 46.67, 54.91, 54.21, 34.48, 46.67, 54.91, 54.21, 34.48, 46.67, 54.91, 54.21, 34.48, 46.67, 54.91, 54.21, 34.48, 46.67] | Shifted: No
===== DOMAIN SHIFT AT ROUND 85 =====
New domain distribution:
  caltech: 1 clients
  amazon: 3 clients
  webcam: 2 clients
  dslr: 4 clients

Round 85 | Mean Acc: 47.42% | Domain Accs: [55.36, 53.16, 34.48, 46.67, 55.36, 53.16, 34.48, 46.67, 55.36, 53.16, 34.48, 46.67, 55.36, 53.16, 34.48, 46.67, 55.36, 53.16, 34.48, 46.67, 55.36, 53.16, 34.48, 46.67, 55.36, 53.16, 34.48, 46.67, 55.36, 53.16, 34.48, 46.67, 55.36, 53.16, 34.48, 46.67, 55.36, 53.16, 34.48, 46.67, 55.36, 53.16, 34.48, 46.67, 55.36, 53.16, 34.48, 46.67, 55.36, 53.16, 34.48, 46.67, 55.36, 53.16, 34.48, 46.67, 55.36, 53.16, 34.48, 46.67, 55.36, 53.16, 34.48, 46.67] | Shifted: Yes
Round 86 | Mean Acc: 47.74% | Domain Accs: [54.91, 53.16, 36.21, 46.67, 54.91, 53.16, 36.21, 46.67, 54.91, 53.16, 36.21, 46.67, 54.91, 53.16, 36.21, 46.67, 54.91, 53.16, 36.21, 46.67, 54.91, 53.16, 36.21, 46.67, 54.91, 53.16, 36.21, 46.67, 54.91, 53.16, 36.21, 46.67, 54.91, 53.16, 36.21, 46.67, 54.91, 53.16, 36.21, 46.67, 54.91, 53.16, 36.21, 46.67, 54.91, 53.16, 36.21, 46.67, 54.91, 53.16, 36.21, 46.67, 54.91, 53.16, 36.21, 46.67, 54.91, 53.16, 36.21, 46.67, 54.91, 53.16, 36.21, 46.67] | Shifted: No
Round 87 | Mean Acc: 48.48% | Domain Accs: [55.36, 55.79, 32.76, 50.0, 55.36, 55.79, 32.76, 50.0, 55.36, 55.79, 32.76, 50.0, 55.36, 55.79, 32.76, 50.0, 55.36, 55.79, 32.76, 50.0, 55.36, 55.79, 32.76, 50.0, 55.36, 55.79, 32.76, 50.0, 55.36, 55.79, 32.76, 50.0, 55.36, 55.79, 32.76, 50.0, 55.36, 55.79, 32.76, 50.0, 55.36, 55.79, 32.76, 50.0, 55.36, 55.79, 32.76, 50.0, 55.36, 55.79, 32.76, 50.0, 55.36, 55.79, 32.76, 50.0, 55.36, 55.79, 32.76, 50.0, 55.36, 55.79, 32.76, 50.0] | Shifted: No
Round 88 | Mean Acc: 48.85% | Domain Accs: [55.8, 56.84, 32.76, 50.0, 55.8, 56.84, 32.76, 50.0, 55.8, 56.84, 32.76, 50.0, 55.8, 56.84, 32.76, 50.0, 55.8, 56.84, 32.76, 50.0, 55.8, 56.84, 32.76, 50.0, 55.8, 56.84, 32.76, 50.0, 55.8, 56.84, 32.76, 50.0, 55.8, 56.84, 32.76, 50.0, 55.8, 56.84, 32.76, 50.0, 55.8, 56.84, 32.76, 50.0, 55.8, 56.84, 32.76, 50.0, 55.8, 56.84, 32.76, 50.0, 55.8, 56.84, 32.76, 50.0, 55.8, 56.84, 32.76, 50.0, 55.8, 56.84, 32.76, 50.0] | Shifted: No
Round 89 | Mean Acc: 49.41% | Domain Accs: [55.8, 57.37, 34.48, 50.0, 55.8, 57.37, 34.48, 50.0, 55.8, 57.37, 34.48, 50.0, 55.8, 57.37, 34.48, 50.0, 55.8, 57.37, 34.48, 50.0, 55.8, 57.37, 34.48, 50.0, 55.8, 57.37, 34.48, 50.0, 55.8, 57.37, 34.48, 50.0, 55.8, 57.37, 34.48, 50.0, 55.8, 57.37, 34.48, 50.0, 55.8, 57.37, 34.48, 50.0, 55.8, 57.37, 34.48, 50.0, 55.8, 57.37, 34.48, 50.0, 55.8, 57.37, 34.48, 50.0, 55.8, 57.37, 34.48, 50.0, 55.8, 57.37, 34.48, 50.0] | Shifted: No
===== DOMAIN SHIFT AT ROUND 90 =====
New domain distribution:
  caltech: 2 clients
  amazon: 3 clients
  webcam: 2 clients
  dslr: 3 clients

Round 90 | Mean Acc: 48.51% | Domain Accs: [55.36, 55.79, 36.21, 46.67, 55.36, 55.79, 36.21, 46.67, 55.36, 55.79, 36.21, 46.67, 55.36, 55.79, 36.21, 46.67, 55.36, 55.79, 36.21, 46.67, 55.36, 55.79, 36.21, 46.67, 55.36, 55.79, 36.21, 46.67, 55.36, 55.79, 36.21, 46.67, 55.36, 55.79, 36.21, 46.67, 55.36, 55.79, 36.21, 46.67, 55.36, 55.79, 36.21, 46.67, 55.36, 55.79, 36.21, 46.67, 55.36, 55.79, 36.21, 46.67, 55.36, 55.79, 36.21, 46.67, 55.36, 55.79, 36.21, 46.67, 55.36, 55.79, 36.21, 46.67] | Shifted: Yes
Round 91 | Mean Acc: 49.73% | Domain Accs: [55.36, 57.37, 36.21, 50.0, 55.36, 57.37, 36.21, 50.0, 55.36, 57.37, 36.21, 50.0, 55.36, 57.37, 36.21, 50.0, 55.36, 57.37, 36.21, 50.0, 55.36, 57.37, 36.21, 50.0, 55.36, 57.37, 36.21, 50.0, 55.36, 57.37, 36.21, 50.0, 55.36, 57.37, 36.21, 50.0, 55.36, 57.37, 36.21, 50.0, 55.36, 57.37, 36.21, 50.0, 55.36, 57.37, 36.21, 50.0, 55.36, 57.37, 36.21, 50.0, 55.36, 57.37, 36.21, 50.0, 55.36, 57.37, 36.21, 50.0, 55.36, 57.37, 36.21, 50.0] | Shifted: No
Round 92 | Mean Acc: 48.77% | Domain Accs: [55.36, 56.84, 36.21, 46.67, 55.36, 56.84, 36.21, 46.67, 55.36, 56.84, 36.21, 46.67, 55.36, 56.84, 36.21, 46.67, 55.36, 56.84, 36.21, 46.67, 55.36, 56.84, 36.21, 46.67, 55.36, 56.84, 36.21, 46.67, 55.36, 56.84, 36.21, 46.67, 55.36, 56.84, 36.21, 46.67, 55.36, 56.84, 36.21, 46.67, 55.36, 56.84, 36.21, 46.67, 55.36, 56.84, 36.21, 46.67, 55.36, 56.84, 36.21, 46.67, 55.36, 56.84, 36.21, 46.67, 55.36, 56.84, 36.21, 46.67, 55.36, 56.84, 36.21, 46.67] | Shifted: No
Round 93 | Mean Acc: 51.13% | Domain Accs: [55.36, 57.89, 37.93, 53.33, 55.36, 57.89, 37.93, 53.33, 55.36, 57.89, 37.93, 53.33, 55.36, 57.89, 37.93, 53.33, 55.36, 57.89, 37.93, 53.33, 55.36, 57.89, 37.93, 53.33, 55.36, 57.89, 37.93, 53.33, 55.36, 57.89, 37.93, 53.33, 55.36, 57.89, 37.93, 53.33, 55.36, 57.89, 37.93, 53.33, 55.36, 57.89, 37.93, 53.33, 55.36, 57.89, 37.93, 53.33, 55.36, 57.89, 37.93, 53.33, 55.36, 57.89, 37.93, 53.33, 55.36, 57.89, 37.93, 53.33, 55.36, 57.89, 37.93, 53.33] | Shifted: No
  ★ New best accuracy: 51.13%
Round 94 | Mean Acc: 49.43% | Domain Accs: [55.36, 57.89, 34.48, 50.0, 55.36, 57.89, 34.48, 50.0, 55.36, 57.89, 34.48, 50.0, 55.36, 57.89, 34.48, 50.0, 55.36, 57.89, 34.48, 50.0, 55.36, 57.89, 34.48, 50.0, 55.36, 57.89, 34.48, 50.0, 55.36, 57.89, 34.48, 50.0, 55.36, 57.89, 34.48, 50.0, 55.36, 57.89, 34.48, 50.0, 55.36, 57.89, 34.48, 50.0, 55.36, 57.89, 34.48, 50.0, 55.36, 57.89, 34.48, 50.0, 55.36, 57.89, 34.48, 50.0, 55.36, 57.89, 34.48, 50.0, 55.36, 57.89, 34.48, 50.0] | Shifted: No
===== DOMAIN SHIFT AT ROUND 95 =====
New domain distribution:
  caltech: 1 clients
  amazon: 2 clients
  webcam: 4 clients
  dslr: 3 clients

Round 95 | Mean Acc: 50.02% | Domain Accs: [54.91, 58.95, 36.21, 50.0, 54.91, 58.95, 36.21, 50.0, 54.91, 58.95, 36.21, 50.0, 54.91, 58.95, 36.21, 50.0, 54.91, 58.95, 36.21, 50.0, 54.91, 58.95, 36.21, 50.0, 54.91, 58.95, 36.21, 50.0, 54.91, 58.95, 36.21, 50.0, 54.91, 58.95, 36.21, 50.0, 54.91, 58.95, 36.21, 50.0, 54.91, 58.95, 36.21, 50.0, 54.91, 58.95, 36.21, 50.0, 54.91, 58.95, 36.21, 50.0, 54.91, 58.95, 36.21, 50.0, 54.91, 58.95, 36.21, 50.0, 54.91, 58.95, 36.21, 50.0] | Shifted: Yes
Round 96 | Mean Acc: 49.45% | Domain Accs: [54.91, 58.42, 34.48, 50.0, 54.91, 58.42, 34.48, 50.0, 54.91, 58.42, 34.48, 50.0, 54.91, 58.42, 34.48, 50.0, 54.91, 58.42, 34.48, 50.0, 54.91, 58.42, 34.48, 50.0, 54.91, 58.42, 34.48, 50.0, 54.91, 58.42, 34.48, 50.0, 54.91, 58.42, 34.48, 50.0, 54.91, 58.42, 34.48, 50.0, 54.91, 58.42, 34.48, 50.0, 54.91, 58.42, 34.48, 50.0, 54.91, 58.42, 34.48, 50.0, 54.91, 58.42, 34.48, 50.0, 54.91, 58.42, 34.48, 50.0, 54.91, 58.42, 34.48, 50.0] | Shifted: No
Round 97 | Mean Acc: 49.75% | Domain Accs: [54.91, 57.89, 36.21, 50.0, 54.91, 57.89, 36.21, 50.0, 54.91, 57.89, 36.21, 50.0, 54.91, 57.89, 36.21, 50.0, 54.91, 57.89, 36.21, 50.0, 54.91, 57.89, 36.21, 50.0, 54.91, 57.89, 36.21, 50.0, 54.91, 57.89, 36.21, 50.0, 54.91, 57.89, 36.21, 50.0, 54.91, 57.89, 36.21, 50.0, 54.91, 57.89, 36.21, 50.0, 54.91, 57.89, 36.21, 50.0, 54.91, 57.89, 36.21, 50.0, 54.91, 57.89, 36.21, 50.0, 54.91, 57.89, 36.21, 50.0, 54.91, 57.89, 36.21, 50.0] | Shifted: No
Round 98 | Mean Acc: 49.60% | Domain Accs: [55.36, 56.84, 36.21, 50.0, 55.36, 56.84, 36.21, 50.0, 55.36, 56.84, 36.21, 50.0, 55.36, 56.84, 36.21, 50.0, 55.36, 56.84, 36.21, 50.0, 55.36, 56.84, 36.21, 50.0, 55.36, 56.84, 36.21, 50.0, 55.36, 56.84, 36.21, 50.0, 55.36, 56.84, 36.21, 50.0, 55.36, 56.84, 36.21, 50.0, 55.36, 56.84, 36.21, 50.0, 55.36, 56.84, 36.21, 50.0, 55.36, 56.84, 36.21, 50.0, 55.36, 56.84, 36.21, 50.0, 55.36, 56.84, 36.21, 50.0, 55.36, 56.84, 36.21, 50.0] | Shifted: No
Round 99 | Mean Acc: 49.62% | Domain Accs: [54.91, 57.37, 36.21, 50.0, 54.91, 57.37, 36.21, 50.0, 54.91, 57.37, 36.21, 50.0, 54.91, 57.37, 36.21, 50.0, 54.91, 57.37, 36.21, 50.0, 54.91, 57.37, 36.21, 50.0, 54.91, 57.37, 36.21, 50.0, 54.91, 57.37, 36.21, 50.0, 54.91, 57.37, 36.21, 50.0, 54.91, 57.37, 36.21, 50.0, 54.91, 57.37, 36.21, 50.0, 54.91, 57.37, 36.21, 50.0, 54.91, 57.37, 36.21, 50.0, 54.91, 57.37, 36.21, 50.0, 54.91, 57.37, 36.21, 50.0, 54.91, 57.37, 36.21, 50.0] | Shifted: No

===== EXPERIMENT SUMMARY =====
Best Mean Accuracy: 51.13%
Best Domain Accuracies: [56.7, 58.95, 37.93, 53.33, 56.7, 58.95, 37.93, 53.33, 56.7, 58.95, 37.93, 53.33, 56.7, 58.95, 37.93, 53.33, 56.7, 58.95, 37.93, 53.33, 56.7, 58.95, 37.93, 53.33, 56.7, 58.95, 37.93, 53.33, 56.7, 58.95, 37.93, 53.33, 56.7, 58.95, 37.93, 53.33, 56.7, 58.95, 37.93, 53.33, 56.7, 58.95, 37.93, 53.33, 56.7, 58.95, 37.93, 53.33, 56.7, 58.95, 37.93, 53.33, 56.7, 58.95, 37.93, 53.33, 56.7, 58.95, 37.93, 53.33, 56.7, 58.95, 37.93, 53.33]
Accuracy variance after shift at round 5: 0.7509
Accuracy variance after shift at round 10: 1.0518
Accuracy variance after shift at round 15: 0.0187
Accuracy variance after shift at round 20: 0.0007
Accuracy variance after shift at round 25: 0.0875
Accuracy variance after shift at round 30: 0.0022
Accuracy variance after shift at round 35: 0.0038
Accuracy variance after shift at round 40: 0.0281
Accuracy variance after shift at round 45: 0.1805
Accuracy variance after shift at round 50: 0.0170
Accuracy variance after shift at round 55: 0.0391
Accuracy variance after shift at round 60: 0.0289
Accuracy variance after shift at round 65: 0.2914
Accuracy variance after shift at round 70: 0.3221
Accuracy variance after shift at round 75: 0.0607
Accuracy variance after shift at round 80: 0.3135
Accuracy variance after shift at round 85: 0.1971
Accuracy variance after shift at round 90: 0.2784
Accuracy variance after shift at round 95: 0.0535
Average variance after shifts: 0.1961

Domain distribution at the end of experiment:
  caltech: 1 clients
  amazon: 2 clients
  webcam: 4 clients
  dslr: 3 clients
