===== EXPERIMENT CONFIGURATION =====
Model: dapperfl
Dataset: fl_officecaltech
Backbone: resnet18
Participants: 10
Communication Epochs: 100
Local Epochs: 5
Shift Frequency: 5
Shift Ratio: 0.3
Pruning Strategy: AD
Alpha: 0.9
Alpha Min: 0.1
Epsilon: 0.2
Reg Coefficient: 0.01

===== DOMAIN SHIFT EXPERIMENT RESULTS =====
Format: Round [X] | Mean Acc: [Y]% | Domain Accs: [Z] | Shifted: [Yes/No]

Round 0 | Mean Acc: 10.05% | Domain Accs: [9.82, 8.42, 8.62, 13.33, 9.82, 8.42, 8.62, 13.33, 9.82, 8.42, 8.62, 13.33, 9.82, 8.42, 8.62, 13.33, 9.82, 8.42, 8.62, 13.33, 9.82, 8.42, 8.62, 13.33, 9.82, 8.42, 8.62, 13.33, 9.82, 8.42, 8.62, 13.33, 9.82, 8.42, 8.62, 13.33, 9.82, 8.42, 8.62, 13.33, 9.82, 8.42, 8.62, 13.33, 9.82, 8.42, 8.62, 13.33, 9.82, 8.42, 8.62, 13.33, 9.82, 8.42, 8.62, 13.33, 9.82, 8.42, 8.62, 13.33, 9.82, 8.42, 8.62, 13.33] | Shifted: No
  ★ New best accuracy: 10.05%
Round 1 | Mean Acc: 10.05% | Domain Accs: [9.82, 8.42, 8.62, 13.33, 9.82, 8.42, 8.62, 13.33, 9.82, 8.42, 8.62, 13.33, 9.82, 8.42, 8.62, 13.33, 9.82, 8.42, 8.62, 13.33, 9.82, 8.42, 8.62, 13.33, 9.82, 8.42, 8.62, 13.33, 9.82, 8.42, 8.62, 13.33, 9.82, 8.42, 8.62, 13.33, 9.82, 8.42, 8.62, 13.33, 9.82, 8.42, 8.62, 13.33, 9.82, 8.42, 8.62, 13.33, 9.82, 8.42, 8.62, 13.33, 9.82, 8.42, 8.62, 13.33, 9.82, 8.42, 8.62, 13.33, 9.82, 8.42, 8.62, 13.33] | Shifted: No
  ★ New best accuracy: 10.05%
Round 2 | Mean Acc: 10.05% | Domain Accs: [9.82, 8.42, 8.62, 13.33, 9.82, 8.42, 8.62, 13.33, 9.82, 8.42, 8.62, 13.33, 9.82, 8.42, 8.62, 13.33, 9.82, 8.42, 8.62, 13.33, 9.82, 8.42, 8.62, 13.33, 9.82, 8.42, 8.62, 13.33, 9.82, 8.42, 8.62, 13.33, 9.82, 8.42, 8.62, 13.33, 9.82, 8.42, 8.62, 13.33, 9.82, 8.42, 8.62, 13.33, 9.82, 8.42, 8.62, 13.33, 9.82, 8.42, 8.62, 13.33, 9.82, 8.42, 8.62, 13.33, 9.82, 8.42, 8.62, 13.33, 9.82, 8.42, 8.62, 13.33] | Shifted: No
  ★ New best accuracy: 10.05%
Round 3 | Mean Acc: 10.05% | Domain Accs: [9.82, 8.42, 8.62, 13.33, 9.82, 8.42, 8.62, 13.33, 9.82, 8.42, 8.62, 13.33, 9.82, 8.42, 8.62, 13.33, 9.82, 8.42, 8.62, 13.33, 9.82, 8.42, 8.62, 13.33, 9.82, 8.42, 8.62, 13.33, 9.82, 8.42, 8.62, 13.33, 9.82, 8.42, 8.62, 13.33, 9.82, 8.42, 8.62, 13.33, 9.82, 8.42, 8.62, 13.33, 9.82, 8.42, 8.62, 13.33, 9.82, 8.42, 8.62, 13.33, 9.82, 8.42, 8.62, 13.33, 9.82, 8.42, 8.62, 13.33, 9.82, 8.42, 8.62, 13.33] | Shifted: No
  ★ New best accuracy: 10.05%
Round 4 | Mean Acc: 10.29% | Domain Accs: [10.27, 8.95, 8.62, 13.33, 10.27, 8.95, 8.62, 13.33, 10.27, 8.95, 8.62, 13.33, 10.27, 8.95, 8.62, 13.33, 10.27, 8.95, 8.62, 13.33, 10.27, 8.95, 8.62, 13.33, 10.27, 8.95, 8.62, 13.33, 10.27, 8.95, 8.62, 13.33, 10.27, 8.95, 8.62, 13.33, 10.27, 8.95, 8.62, 13.33, 10.27, 8.95, 8.62, 13.33, 10.27, 8.95, 8.62, 13.33, 10.27, 8.95, 8.62, 13.33, 10.27, 8.95, 8.62, 13.33, 10.27, 8.95, 8.62, 13.33, 10.27, 8.95, 8.62, 13.33] | Shifted: No
  ★ New best accuracy: 10.29%
===== DOMAIN SHIFT AT ROUND 5 =====
New domain distribution:
  caltech: 1 clients
  amazon: 4 clients
  webcam: 3 clients
  dslr: 2 clients

Round 5 | Mean Acc: 18.45% | Domain Accs: [20.09, 28.42, 8.62, 16.67, 20.09, 28.42, 8.62, 16.67, 20.09, 28.42, 8.62, 16.67, 20.09, 28.42, 8.62, 16.67, 20.09, 28.42, 8.62, 16.67, 20.09, 28.42, 8.62, 16.67, 20.09, 28.42, 8.62, 16.67, 20.09, 28.42, 8.62, 16.67, 20.09, 28.42, 8.62, 16.67, 20.09, 28.42, 8.62, 16.67, 20.09, 28.42, 8.62, 16.67, 20.09, 28.42, 8.62, 16.67, 20.09, 28.42, 8.62, 16.67, 20.09, 28.42, 8.62, 16.67, 20.09, 28.42, 8.62, 16.67, 20.09, 28.42, 8.62, 16.67] | Shifted: Yes
  ★ New best accuracy: 18.45%
Round 6 | Mean Acc: 24.93% | Domain Accs: [33.93, 26.84, 18.97, 20.0, 33.93, 26.84, 18.97, 20.0, 33.93, 26.84, 18.97, 20.0, 33.93, 26.84, 18.97, 20.0, 33.93, 26.84, 18.97, 20.0, 33.93, 26.84, 18.97, 20.0, 33.93, 26.84, 18.97, 20.0, 33.93, 26.84, 18.97, 20.0, 33.93, 26.84, 18.97, 20.0, 33.93, 26.84, 18.97, 20.0, 33.93, 26.84, 18.97, 20.0, 33.93, 26.84, 18.97, 20.0, 33.93, 26.84, 18.97, 20.0, 33.93, 26.84, 18.97, 20.0, 33.93, 26.84, 18.97, 20.0, 33.93, 26.84, 18.97, 20.0] | Shifted: No
  ★ New best accuracy: 24.93%
Round 7 | Mean Acc: 24.36% | Domain Accs: [35.27, 30.0, 15.52, 16.67, 35.27, 30.0, 15.52, 16.67, 35.27, 30.0, 15.52, 16.67, 35.27, 30.0, 15.52, 16.67, 35.27, 30.0, 15.52, 16.67, 35.27, 30.0, 15.52, 16.67, 35.27, 30.0, 15.52, 16.67, 35.27, 30.0, 15.52, 16.67, 35.27, 30.0, 15.52, 16.67, 35.27, 30.0, 15.52, 16.67, 35.27, 30.0, 15.52, 16.67, 35.27, 30.0, 15.52, 16.67, 35.27, 30.0, 15.52, 16.67, 35.27, 30.0, 15.52, 16.67, 35.27, 30.0, 15.52, 16.67, 35.27, 30.0, 15.52, 16.67] | Shifted: No
Round 8 | Mean Acc: 24.67% | Domain Accs: [31.7, 27.89, 22.41, 16.67, 31.7, 27.89, 22.41, 16.67, 31.7, 27.89, 22.41, 16.67, 31.7, 27.89, 22.41, 16.67, 31.7, 27.89, 22.41, 16.67, 31.7, 27.89, 22.41, 16.67, 31.7, 27.89, 22.41, 16.67, 31.7, 27.89, 22.41, 16.67, 31.7, 27.89, 22.41, 16.67, 31.7, 27.89, 22.41, 16.67, 31.7, 27.89, 22.41, 16.67, 31.7, 27.89, 22.41, 16.67, 31.7, 27.89, 22.41, 16.67, 31.7, 27.89, 22.41, 16.67, 31.7, 27.89, 22.41, 16.67, 31.7, 27.89, 22.41, 16.67] | Shifted: No
Round 9 | Mean Acc: 22.50% | Domain Accs: [34.38, 25.26, 10.34, 20.0, 34.38, 25.26, 10.34, 20.0, 34.38, 25.26, 10.34, 20.0, 34.38, 25.26, 10.34, 20.0, 34.38, 25.26, 10.34, 20.0, 34.38, 25.26, 10.34, 20.0, 34.38, 25.26, 10.34, 20.0, 34.38, 25.26, 10.34, 20.0, 34.38, 25.26, 10.34, 20.0, 34.38, 25.26, 10.34, 20.0, 34.38, 25.26, 10.34, 20.0, 34.38, 25.26, 10.34, 20.0, 34.38, 25.26, 10.34, 20.0, 34.38, 25.26, 10.34, 20.0, 34.38, 25.26, 10.34, 20.0, 34.38, 25.26, 10.34, 20.0] | Shifted: No
===== DOMAIN SHIFT AT ROUND 10 =====
New domain distribution:
  caltech: 3 clients
  amazon: 3 clients
  webcam: 3 clients
  dslr: 1 clients

Round 10 | Mean Acc: 25.88% | Domain Accs: [35.71, 28.95, 15.52, 23.33, 35.71, 28.95, 15.52, 23.33, 35.71, 28.95, 15.52, 23.33, 35.71, 28.95, 15.52, 23.33, 35.71, 28.95, 15.52, 23.33, 35.71, 28.95, 15.52, 23.33, 35.71, 28.95, 15.52, 23.33, 35.71, 28.95, 15.52, 23.33, 35.71, 28.95, 15.52, 23.33, 35.71, 28.95, 15.52, 23.33, 35.71, 28.95, 15.52, 23.33, 35.71, 28.95, 15.52, 23.33, 35.71, 28.95, 15.52, 23.33, 35.71, 28.95, 15.52, 23.33, 35.71, 28.95, 15.52, 23.33, 35.71, 28.95, 15.52, 23.33] | Shifted: Yes
  ★ New best accuracy: 25.88%
Round 11 | Mean Acc: 27.60% | Domain Accs: [41.07, 33.68, 18.97, 16.67, 41.07, 33.68, 18.97, 16.67, 41.07, 33.68, 18.97, 16.67, 41.07, 33.68, 18.97, 16.67, 41.07, 33.68, 18.97, 16.67, 41.07, 33.68, 18.97, 16.67, 41.07, 33.68, 18.97, 16.67, 41.07, 33.68, 18.97, 16.67, 41.07, 33.68, 18.97, 16.67, 41.07, 33.68, 18.97, 16.67, 41.07, 33.68, 18.97, 16.67, 41.07, 33.68, 18.97, 16.67, 41.07, 33.68, 18.97, 16.67, 41.07, 33.68, 18.97, 16.67, 41.07, 33.68, 18.97, 16.67, 41.07, 33.68, 18.97, 16.67] | Shifted: No
  ★ New best accuracy: 27.60%
Round 12 | Mean Acc: 22.38% | Domain Accs: [30.8, 31.58, 13.79, 13.33, 30.8, 31.58, 13.79, 13.33, 30.8, 31.58, 13.79, 13.33, 30.8, 31.58, 13.79, 13.33, 30.8, 31.58, 13.79, 13.33, 30.8, 31.58, 13.79, 13.33, 30.8, 31.58, 13.79, 13.33, 30.8, 31.58, 13.79, 13.33, 30.8, 31.58, 13.79, 13.33, 30.8, 31.58, 13.79, 13.33, 30.8, 31.58, 13.79, 13.33, 30.8, 31.58, 13.79, 13.33, 30.8, 31.58, 13.79, 13.33, 30.8, 31.58, 13.79, 13.33, 30.8, 31.58, 13.79, 13.33, 30.8, 31.58, 13.79, 13.33] | Shifted: No
Round 13 | Mean Acc: 26.00% | Domain Accs: [34.38, 30.53, 22.41, 16.67, 34.38, 30.53, 22.41, 16.67, 34.38, 30.53, 22.41, 16.67, 34.38, 30.53, 22.41, 16.67, 34.38, 30.53, 22.41, 16.67, 34.38, 30.53, 22.41, 16.67, 34.38, 30.53, 22.41, 16.67, 34.38, 30.53, 22.41, 16.67, 34.38, 30.53, 22.41, 16.67, 34.38, 30.53, 22.41, 16.67, 34.38, 30.53, 22.41, 16.67, 34.38, 30.53, 22.41, 16.67, 34.38, 30.53, 22.41, 16.67, 34.38, 30.53, 22.41, 16.67, 34.38, 30.53, 22.41, 16.67, 34.38, 30.53, 22.41, 16.67] | Shifted: No
Round 14 | Mean Acc: 19.80% | Domain Accs: [28.57, 26.84, 13.79, 10.0, 28.57, 26.84, 13.79, 10.0, 28.57, 26.84, 13.79, 10.0, 28.57, 26.84, 13.79, 10.0, 28.57, 26.84, 13.79, 10.0, 28.57, 26.84, 13.79, 10.0, 28.57, 26.84, 13.79, 10.0, 28.57, 26.84, 13.79, 10.0, 28.57, 26.84, 13.79, 10.0, 28.57, 26.84, 13.79, 10.0, 28.57, 26.84, 13.79, 10.0, 28.57, 26.84, 13.79, 10.0, 28.57, 26.84, 13.79, 10.0, 28.57, 26.84, 13.79, 10.0, 28.57, 26.84, 13.79, 10.0, 28.57, 26.84, 13.79, 10.0] | Shifted: No
===== DOMAIN SHIFT AT ROUND 15 =====
New domain distribution:
  caltech: 2 clients
  amazon: 5 clients
  webcam: 1 clients
  dslr: 2 clients

Round 15 | Mean Acc: 32.37% | Domain Accs: [47.77, 36.32, 12.07, 33.33, 47.77, 36.32, 12.07, 33.33, 47.77, 36.32, 12.07, 33.33, 47.77, 36.32, 12.07, 33.33, 47.77, 36.32, 12.07, 33.33, 47.77, 36.32, 12.07, 33.33, 47.77, 36.32, 12.07, 33.33, 47.77, 36.32, 12.07, 33.33, 47.77, 36.32, 12.07, 33.33, 47.77, 36.32, 12.07, 33.33, 47.77, 36.32, 12.07, 33.33, 47.77, 36.32, 12.07, 33.33, 47.77, 36.32, 12.07, 33.33, 47.77, 36.32, 12.07, 33.33, 47.77, 36.32, 12.07, 33.33, 47.77, 36.32, 12.07, 33.33] | Shifted: Yes
  ★ New best accuracy: 32.37%
Round 16 | Mean Acc: 23.98% | Domain Accs: [31.7, 25.26, 18.97, 20.0, 31.7, 25.26, 18.97, 20.0, 31.7, 25.26, 18.97, 20.0, 31.7, 25.26, 18.97, 20.0, 31.7, 25.26, 18.97, 20.0, 31.7, 25.26, 18.97, 20.0, 31.7, 25.26, 18.97, 20.0, 31.7, 25.26, 18.97, 20.0, 31.7, 25.26, 18.97, 20.0, 31.7, 25.26, 18.97, 20.0, 31.7, 25.26, 18.97, 20.0, 31.7, 25.26, 18.97, 20.0, 31.7, 25.26, 18.97, 20.0, 31.7, 25.26, 18.97, 20.0, 31.7, 25.26, 18.97, 20.0, 31.7, 25.26, 18.97, 20.0] | Shifted: No
Round 17 | Mean Acc: 29.70% | Domain Accs: [35.71, 27.37, 22.41, 33.33, 35.71, 27.37, 22.41, 33.33, 35.71, 27.37, 22.41, 33.33, 35.71, 27.37, 22.41, 33.33, 35.71, 27.37, 22.41, 33.33, 35.71, 27.37, 22.41, 33.33, 35.71, 27.37, 22.41, 33.33, 35.71, 27.37, 22.41, 33.33, 35.71, 27.37, 22.41, 33.33, 35.71, 27.37, 22.41, 33.33, 35.71, 27.37, 22.41, 33.33, 35.71, 27.37, 22.41, 33.33, 35.71, 27.37, 22.41, 33.33, 35.71, 27.37, 22.41, 33.33, 35.71, 27.37, 22.41, 33.33, 35.71, 27.37, 22.41, 33.33] | Shifted: No
Round 18 | Mean Acc: 28.69% | Domain Accs: [34.82, 34.21, 22.41, 23.33, 34.82, 34.21, 22.41, 23.33, 34.82, 34.21, 22.41, 23.33, 34.82, 34.21, 22.41, 23.33, 34.82, 34.21, 22.41, 23.33, 34.82, 34.21, 22.41, 23.33, 34.82, 34.21, 22.41, 23.33, 34.82, 34.21, 22.41, 23.33, 34.82, 34.21, 22.41, 23.33, 34.82, 34.21, 22.41, 23.33, 34.82, 34.21, 22.41, 23.33, 34.82, 34.21, 22.41, 23.33, 34.82, 34.21, 22.41, 23.33, 34.82, 34.21, 22.41, 23.33, 34.82, 34.21, 22.41, 23.33, 34.82, 34.21, 22.41, 23.33] | Shifted: No
Round 19 | Mean Acc: 30.65% | Domain Accs: [45.54, 33.16, 17.24, 26.67, 45.54, 33.16, 17.24, 26.67, 45.54, 33.16, 17.24, 26.67, 45.54, 33.16, 17.24, 26.67, 45.54, 33.16, 17.24, 26.67, 45.54, 33.16, 17.24, 26.67, 45.54, 33.16, 17.24, 26.67, 45.54, 33.16, 17.24, 26.67, 45.54, 33.16, 17.24, 26.67, 45.54, 33.16, 17.24, 26.67, 45.54, 33.16, 17.24, 26.67, 45.54, 33.16, 17.24, 26.67, 45.54, 33.16, 17.24, 26.67, 45.54, 33.16, 17.24, 26.67, 45.54, 33.16, 17.24, 26.67, 45.54, 33.16, 17.24, 26.67] | Shifted: No
===== DOMAIN SHIFT AT ROUND 20 =====
New domain distribution:
  caltech: 3 clients
  amazon: 2 clients
  webcam: 3 clients
  dslr: 2 clients

Round 20 | Mean Acc: 37.32% | Domain Accs: [42.86, 38.95, 24.14, 43.33, 42.86, 38.95, 24.14, 43.33, 42.86, 38.95, 24.14, 43.33, 42.86, 38.95, 24.14, 43.33, 42.86, 38.95, 24.14, 43.33, 42.86, 38.95, 24.14, 43.33, 42.86, 38.95, 24.14, 43.33, 42.86, 38.95, 24.14, 43.33, 42.86, 38.95, 24.14, 43.33, 42.86, 38.95, 24.14, 43.33, 42.86, 38.95, 24.14, 43.33, 42.86, 38.95, 24.14, 43.33, 42.86, 38.95, 24.14, 43.33, 42.86, 38.95, 24.14, 43.33, 42.86, 38.95, 24.14, 43.33, 42.86, 38.95, 24.14, 43.33] | Shifted: Yes
  ★ New best accuracy: 37.32%
Round 21 | Mean Acc: 32.94% | Domain Accs: [41.52, 36.32, 17.24, 36.67, 41.52, 36.32, 17.24, 36.67, 41.52, 36.32, 17.24, 36.67, 41.52, 36.32, 17.24, 36.67, 41.52, 36.32, 17.24, 36.67, 41.52, 36.32, 17.24, 36.67, 41.52, 36.32, 17.24, 36.67, 41.52, 36.32, 17.24, 36.67, 41.52, 36.32, 17.24, 36.67, 41.52, 36.32, 17.24, 36.67, 41.52, 36.32, 17.24, 36.67, 41.52, 36.32, 17.24, 36.67, 41.52, 36.32, 17.24, 36.67, 41.52, 36.32, 17.24, 36.67, 41.52, 36.32, 17.24, 36.67, 41.52, 36.32, 17.24, 36.67] | Shifted: No
Round 22 | Mean Acc: 29.06% | Domain Accs: [41.07, 36.32, 15.52, 23.33, 41.07, 36.32, 15.52, 23.33, 41.07, 36.32, 15.52, 23.33, 41.07, 36.32, 15.52, 23.33, 41.07, 36.32, 15.52, 23.33, 41.07, 36.32, 15.52, 23.33, 41.07, 36.32, 15.52, 23.33, 41.07, 36.32, 15.52, 23.33, 41.07, 36.32, 15.52, 23.33, 41.07, 36.32, 15.52, 23.33, 41.07, 36.32, 15.52, 23.33, 41.07, 36.32, 15.52, 23.33, 41.07, 36.32, 15.52, 23.33, 41.07, 36.32, 15.52, 23.33, 41.07, 36.32, 15.52, 23.33, 41.07, 36.32, 15.52, 23.33] | Shifted: No
Round 23 | Mean Acc: 27.71% | Domain Accs: [35.71, 27.89, 17.24, 30.0, 35.71, 27.89, 17.24, 30.0, 35.71, 27.89, 17.24, 30.0, 35.71, 27.89, 17.24, 30.0, 35.71, 27.89, 17.24, 30.0, 35.71, 27.89, 17.24, 30.0, 35.71, 27.89, 17.24, 30.0, 35.71, 27.89, 17.24, 30.0, 35.71, 27.89, 17.24, 30.0, 35.71, 27.89, 17.24, 30.0, 35.71, 27.89, 17.24, 30.0, 35.71, 27.89, 17.24, 30.0, 35.71, 27.89, 17.24, 30.0, 35.71, 27.89, 17.24, 30.0, 35.71, 27.89, 17.24, 30.0, 35.71, 27.89, 17.24, 30.0] | Shifted: No
Round 24 | Mean Acc: 26.29% | Domain Accs: [41.07, 36.84, 17.24, 10.0, 41.07, 36.84, 17.24, 10.0, 41.07, 36.84, 17.24, 10.0, 41.07, 36.84, 17.24, 10.0, 41.07, 36.84, 17.24, 10.0, 41.07, 36.84, 17.24, 10.0, 41.07, 36.84, 17.24, 10.0, 41.07, 36.84, 17.24, 10.0, 41.07, 36.84, 17.24, 10.0, 41.07, 36.84, 17.24, 10.0, 41.07, 36.84, 17.24, 10.0, 41.07, 36.84, 17.24, 10.0, 41.07, 36.84, 17.24, 10.0, 41.07, 36.84, 17.24, 10.0, 41.07, 36.84, 17.24, 10.0, 41.07, 36.84, 17.24, 10.0] | Shifted: No
===== DOMAIN SHIFT AT ROUND 25 =====
New domain distribution:
  caltech: 4 clients
  amazon: 3 clients
  webcam: 2 clients
  dslr: 1 clients

Round 25 | Mean Acc: 34.47% | Domain Accs: [37.05, 28.42, 22.41, 50.0, 37.05, 28.42, 22.41, 50.0, 37.05, 28.42, 22.41, 50.0, 37.05, 28.42, 22.41, 50.0, 37.05, 28.42, 22.41, 50.0, 37.05, 28.42, 22.41, 50.0, 37.05, 28.42, 22.41, 50.0, 37.05, 28.42, 22.41, 50.0, 37.05, 28.42, 22.41, 50.0, 37.05, 28.42, 22.41, 50.0, 37.05, 28.42, 22.41, 50.0, 37.05, 28.42, 22.41, 50.0, 37.05, 28.42, 22.41, 50.0, 37.05, 28.42, 22.41, 50.0, 37.05, 28.42, 22.41, 50.0, 37.05, 28.42, 22.41, 50.0] | Shifted: Yes
Round 26 | Mean Acc: 29.99% | Domain Accs: [35.71, 40.0, 27.59, 16.67, 35.71, 40.0, 27.59, 16.67, 35.71, 40.0, 27.59, 16.67, 35.71, 40.0, 27.59, 16.67, 35.71, 40.0, 27.59, 16.67, 35.71, 40.0, 27.59, 16.67, 35.71, 40.0, 27.59, 16.67, 35.71, 40.0, 27.59, 16.67, 35.71, 40.0, 27.59, 16.67, 35.71, 40.0, 27.59, 16.67, 35.71, 40.0, 27.59, 16.67, 35.71, 40.0, 27.59, 16.67, 35.71, 40.0, 27.59, 16.67, 35.71, 40.0, 27.59, 16.67, 35.71, 40.0, 27.59, 16.67, 35.71, 40.0, 27.59, 16.67] | Shifted: No
Round 27 | Mean Acc: 35.21% | Domain Accs: [46.88, 33.16, 24.14, 36.67, 46.88, 33.16, 24.14, 36.67, 46.88, 33.16, 24.14, 36.67, 46.88, 33.16, 24.14, 36.67, 46.88, 33.16, 24.14, 36.67, 46.88, 33.16, 24.14, 36.67, 46.88, 33.16, 24.14, 36.67, 46.88, 33.16, 24.14, 36.67, 46.88, 33.16, 24.14, 36.67, 46.88, 33.16, 24.14, 36.67, 46.88, 33.16, 24.14, 36.67, 46.88, 33.16, 24.14, 36.67, 46.88, 33.16, 24.14, 36.67, 46.88, 33.16, 24.14, 36.67, 46.88, 33.16, 24.14, 36.67, 46.88, 33.16, 24.14, 36.67] | Shifted: No
Round 28 | Mean Acc: 38.53% | Domain Accs: [41.52, 43.16, 32.76, 36.67, 41.52, 43.16, 32.76, 36.67, 41.52, 43.16, 32.76, 36.67, 41.52, 43.16, 32.76, 36.67, 41.52, 43.16, 32.76, 36.67, 41.52, 43.16, 32.76, 36.67, 41.52, 43.16, 32.76, 36.67, 41.52, 43.16, 32.76, 36.67, 41.52, 43.16, 32.76, 36.67, 41.52, 43.16, 32.76, 36.67, 41.52, 43.16, 32.76, 36.67, 41.52, 43.16, 32.76, 36.67, 41.52, 43.16, 32.76, 36.67, 41.52, 43.16, 32.76, 36.67, 41.52, 43.16, 32.76, 36.67, 41.52, 43.16, 32.76, 36.67] | Shifted: No
  ★ New best accuracy: 38.53%
Round 29 | Mean Acc: 26.81% | Domain Accs: [39.73, 32.11, 12.07, 23.33, 39.73, 32.11, 12.07, 23.33, 39.73, 32.11, 12.07, 23.33, 39.73, 32.11, 12.07, 23.33, 39.73, 32.11, 12.07, 23.33, 39.73, 32.11, 12.07, 23.33, 39.73, 32.11, 12.07, 23.33, 39.73, 32.11, 12.07, 23.33, 39.73, 32.11, 12.07, 23.33, 39.73, 32.11, 12.07, 23.33, 39.73, 32.11, 12.07, 23.33, 39.73, 32.11, 12.07, 23.33, 39.73, 32.11, 12.07, 23.33, 39.73, 32.11, 12.07, 23.33, 39.73, 32.11, 12.07, 23.33, 39.73, 32.11, 12.07, 23.33] | Shifted: No
===== DOMAIN SHIFT AT ROUND 30 =====
New domain distribution:
  caltech: 3 clients
  amazon: 2 clients
  webcam: 2 clients
  dslr: 3 clients

Round 30 | Mean Acc: 27.96% | Domain Accs: [31.7, 29.47, 20.69, 30.0, 31.7, 29.47, 20.69, 30.0, 31.7, 29.47, 20.69, 30.0, 31.7, 29.47, 20.69, 30.0, 31.7, 29.47, 20.69, 30.0, 31.7, 29.47, 20.69, 30.0, 31.7, 29.47, 20.69, 30.0, 31.7, 29.47, 20.69, 30.0, 31.7, 29.47, 20.69, 30.0, 31.7, 29.47, 20.69, 30.0, 31.7, 29.47, 20.69, 30.0, 31.7, 29.47, 20.69, 30.0, 31.7, 29.47, 20.69, 30.0, 31.7, 29.47, 20.69, 30.0, 31.7, 29.47, 20.69, 30.0, 31.7, 29.47, 20.69, 30.0] | Shifted: Yes
Round 31 | Mean Acc: 27.98% | Domain Accs: [34.82, 31.58, 15.52, 30.0, 34.82, 31.58, 15.52, 30.0, 34.82, 31.58, 15.52, 30.0, 34.82, 31.58, 15.52, 30.0, 34.82, 31.58, 15.52, 30.0, 34.82, 31.58, 15.52, 30.0, 34.82, 31.58, 15.52, 30.0, 34.82, 31.58, 15.52, 30.0, 34.82, 31.58, 15.52, 30.0, 34.82, 31.58, 15.52, 30.0, 34.82, 31.58, 15.52, 30.0, 34.82, 31.58, 15.52, 30.0, 34.82, 31.58, 15.52, 30.0, 34.82, 31.58, 15.52, 30.0, 34.82, 31.58, 15.52, 30.0, 34.82, 31.58, 15.52, 30.0] | Shifted: No
Round 32 | Mean Acc: 33.55% | Domain Accs: [47.77, 37.37, 22.41, 26.67, 47.77, 37.37, 22.41, 26.67, 47.77, 37.37, 22.41, 26.67, 47.77, 37.37, 22.41, 26.67, 47.77, 37.37, 22.41, 26.67, 47.77, 37.37, 22.41, 26.67, 47.77, 37.37, 22.41, 26.67, 47.77, 37.37, 22.41, 26.67, 47.77, 37.37, 22.41, 26.67, 47.77, 37.37, 22.41, 26.67, 47.77, 37.37, 22.41, 26.67, 47.77, 37.37, 22.41, 26.67, 47.77, 37.37, 22.41, 26.67, 47.77, 37.37, 22.41, 26.67, 47.77, 37.37, 22.41, 26.67, 47.77, 37.37, 22.41, 26.67] | Shifted: No
Round 33 | Mean Acc: 38.67% | Domain Accs: [44.64, 45.79, 27.59, 36.67, 44.64, 45.79, 27.59, 36.67, 44.64, 45.79, 27.59, 36.67, 44.64, 45.79, 27.59, 36.67, 44.64, 45.79, 27.59, 36.67, 44.64, 45.79, 27.59, 36.67, 44.64, 45.79, 27.59, 36.67, 44.64, 45.79, 27.59, 36.67, 44.64, 45.79, 27.59, 36.67, 44.64, 45.79, 27.59, 36.67, 44.64, 45.79, 27.59, 36.67, 44.64, 45.79, 27.59, 36.67, 44.64, 45.79, 27.59, 36.67, 44.64, 45.79, 27.59, 36.67, 44.64, 45.79, 27.59, 36.67, 44.64, 45.79, 27.59, 36.67] | Shifted: No
  ★ New best accuracy: 38.67%
Round 34 | Mean Acc: 37.94% | Domain Accs: [46.43, 39.47, 25.86, 40.0, 46.43, 39.47, 25.86, 40.0, 46.43, 39.47, 25.86, 40.0, 46.43, 39.47, 25.86, 40.0, 46.43, 39.47, 25.86, 40.0, 46.43, 39.47, 25.86, 40.0, 46.43, 39.47, 25.86, 40.0, 46.43, 39.47, 25.86, 40.0, 46.43, 39.47, 25.86, 40.0, 46.43, 39.47, 25.86, 40.0, 46.43, 39.47, 25.86, 40.0, 46.43, 39.47, 25.86, 40.0, 46.43, 39.47, 25.86, 40.0, 46.43, 39.47, 25.86, 40.0, 46.43, 39.47, 25.86, 40.0, 46.43, 39.47, 25.86, 40.0] | Shifted: No
===== DOMAIN SHIFT AT ROUND 35 =====
New domain distribution:
  caltech: 3 clients
  amazon: 1 clients
  webcam: 3 clients
  dslr: 3 clients

Round 35 | Mean Acc: 16.18% | Domain Accs: [22.32, 23.68, 12.07, 6.67, 22.32, 23.68, 12.07, 6.67, 22.32, 23.68, 12.07, 6.67, 22.32, 23.68, 12.07, 6.67, 22.32, 23.68, 12.07, 6.67, 22.32, 23.68, 12.07, 6.67, 22.32, 23.68, 12.07, 6.67, 22.32, 23.68, 12.07, 6.67, 22.32, 23.68, 12.07, 6.67, 22.32, 23.68, 12.07, 6.67, 22.32, 23.68, 12.07, 6.67, 22.32, 23.68, 12.07, 6.67, 22.32, 23.68, 12.07, 6.67, 22.32, 23.68, 12.07, 6.67, 22.32, 23.68, 12.07, 6.67, 22.32, 23.68, 12.07, 6.67] | Shifted: Yes
Round 36 | Mean Acc: 32.00% | Domain Accs: [35.27, 35.26, 24.14, 33.33, 35.27, 35.26, 24.14, 33.33, 35.27, 35.26, 24.14, 33.33, 35.27, 35.26, 24.14, 33.33, 35.27, 35.26, 24.14, 33.33, 35.27, 35.26, 24.14, 33.33, 35.27, 35.26, 24.14, 33.33, 35.27, 35.26, 24.14, 33.33, 35.27, 35.26, 24.14, 33.33, 35.27, 35.26, 24.14, 33.33, 35.27, 35.26, 24.14, 33.33, 35.27, 35.26, 24.14, 33.33, 35.27, 35.26, 24.14, 33.33, 35.27, 35.26, 24.14, 33.33, 35.27, 35.26, 24.14, 33.33, 35.27, 35.26, 24.14, 33.33] | Shifted: No
Round 37 | Mean Acc: 28.66% | Domain Accs: [31.25, 29.47, 17.24, 36.67, 31.25, 29.47, 17.24, 36.67, 31.25, 29.47, 17.24, 36.67, 31.25, 29.47, 17.24, 36.67, 31.25, 29.47, 17.24, 36.67, 31.25, 29.47, 17.24, 36.67, 31.25, 29.47, 17.24, 36.67, 31.25, 29.47, 17.24, 36.67, 31.25, 29.47, 17.24, 36.67, 31.25, 29.47, 17.24, 36.67, 31.25, 29.47, 17.24, 36.67, 31.25, 29.47, 17.24, 36.67, 31.25, 29.47, 17.24, 36.67, 31.25, 29.47, 17.24, 36.67, 31.25, 29.47, 17.24, 36.67, 31.25, 29.47, 17.24, 36.67] | Shifted: No
Round 38 | Mean Acc: 29.24% | Domain Accs: [37.5, 42.11, 20.69, 16.67, 37.5, 42.11, 20.69, 16.67, 37.5, 42.11, 20.69, 16.67, 37.5, 42.11, 20.69, 16.67, 37.5, 42.11, 20.69, 16.67, 37.5, 42.11, 20.69, 16.67, 37.5, 42.11, 20.69, 16.67, 37.5, 42.11, 20.69, 16.67, 37.5, 42.11, 20.69, 16.67, 37.5, 42.11, 20.69, 16.67, 37.5, 42.11, 20.69, 16.67, 37.5, 42.11, 20.69, 16.67, 37.5, 42.11, 20.69, 16.67, 37.5, 42.11, 20.69, 16.67, 37.5, 42.11, 20.69, 16.67, 37.5, 42.11, 20.69, 16.67] | Shifted: No
Round 39 | Mean Acc: 34.44% | Domain Accs: [43.3, 45.26, 25.86, 23.33, 43.3, 45.26, 25.86, 23.33, 43.3, 45.26, 25.86, 23.33, 43.3, 45.26, 25.86, 23.33, 43.3, 45.26, 25.86, 23.33, 43.3, 45.26, 25.86, 23.33, 43.3, 45.26, 25.86, 23.33, 43.3, 45.26, 25.86, 23.33, 43.3, 45.26, 25.86, 23.33, 43.3, 45.26, 25.86, 23.33, 43.3, 45.26, 25.86, 23.33, 43.3, 45.26, 25.86, 23.33, 43.3, 45.26, 25.86, 23.33, 43.3, 45.26, 25.86, 23.33, 43.3, 45.26, 25.86, 23.33, 43.3, 45.26, 25.86, 23.33] | Shifted: No
===== DOMAIN SHIFT AT ROUND 40 =====
New domain distribution:
  caltech: 3 clients
  amazon: 0 clients
  webcam: 5 clients
  dslr: 2 clients

Round 40 | Mean Acc: 34.63% | Domain Accs: [44.64, 41.58, 18.97, 33.33, 44.64, 41.58, 18.97, 33.33, 44.64, 41.58, 18.97, 33.33, 44.64, 41.58, 18.97, 33.33, 44.64, 41.58, 18.97, 33.33, 44.64, 41.58, 18.97, 33.33, 44.64, 41.58, 18.97, 33.33, 44.64, 41.58, 18.97, 33.33, 44.64, 41.58, 18.97, 33.33, 44.64, 41.58, 18.97, 33.33, 44.64, 41.58, 18.97, 33.33, 44.64, 41.58, 18.97, 33.33, 44.64, 41.58, 18.97, 33.33, 44.64, 41.58, 18.97, 33.33, 44.64, 41.58, 18.97, 33.33, 44.64, 41.58, 18.97, 33.33] | Shifted: Yes
Round 41 | Mean Acc: 19.16% | Domain Accs: [25.0, 19.47, 15.52, 16.67, 25.0, 19.47, 15.52, 16.67, 25.0, 19.47, 15.52, 16.67, 25.0, 19.47, 15.52, 16.67, 25.0, 19.47, 15.52, 16.67, 25.0, 19.47, 15.52, 16.67, 25.0, 19.47, 15.52, 16.67, 25.0, 19.47, 15.52, 16.67, 25.0, 19.47, 15.52, 16.67, 25.0, 19.47, 15.52, 16.67, 25.0, 19.47, 15.52, 16.67, 25.0, 19.47, 15.52, 16.67, 25.0, 19.47, 15.52, 16.67, 25.0, 19.47, 15.52, 16.67, 25.0, 19.47, 15.52, 16.67, 25.0, 19.47, 15.52, 16.67] | Shifted: No
Round 42 | Mean Acc: 33.41% | Domain Accs: [41.52, 43.16, 18.97, 30.0, 41.52, 43.16, 18.97, 30.0, 41.52, 43.16, 18.97, 30.0, 41.52, 43.16, 18.97, 30.0, 41.52, 43.16, 18.97, 30.0, 41.52, 43.16, 18.97, 30.0, 41.52, 43.16, 18.97, 30.0, 41.52, 43.16, 18.97, 30.0, 41.52, 43.16, 18.97, 30.0, 41.52, 43.16, 18.97, 30.0, 41.52, 43.16, 18.97, 30.0, 41.52, 43.16, 18.97, 30.0, 41.52, 43.16, 18.97, 30.0, 41.52, 43.16, 18.97, 30.0, 41.52, 43.16, 18.97, 30.0, 41.52, 43.16, 18.97, 30.0] | Shifted: No
Round 43 | Mean Acc: 35.26% | Domain Accs: [42.41, 41.05, 27.59, 30.0, 42.41, 41.05, 27.59, 30.0, 42.41, 41.05, 27.59, 30.0, 42.41, 41.05, 27.59, 30.0, 42.41, 41.05, 27.59, 30.0, 42.41, 41.05, 27.59, 30.0, 42.41, 41.05, 27.59, 30.0, 42.41, 41.05, 27.59, 30.0, 42.41, 41.05, 27.59, 30.0, 42.41, 41.05, 27.59, 30.0, 42.41, 41.05, 27.59, 30.0, 42.41, 41.05, 27.59, 30.0, 42.41, 41.05, 27.59, 30.0, 42.41, 41.05, 27.59, 30.0, 42.41, 41.05, 27.59, 30.0, 42.41, 41.05, 27.59, 30.0] | Shifted: No
Round 44 | Mean Acc: 38.20% | Domain Accs: [42.86, 40.53, 32.76, 36.67, 42.86, 40.53, 32.76, 36.67, 42.86, 40.53, 32.76, 36.67, 42.86, 40.53, 32.76, 36.67, 42.86, 40.53, 32.76, 36.67, 42.86, 40.53, 32.76, 36.67, 42.86, 40.53, 32.76, 36.67, 42.86, 40.53, 32.76, 36.67, 42.86, 40.53, 32.76, 36.67, 42.86, 40.53, 32.76, 36.67, 42.86, 40.53, 32.76, 36.67, 42.86, 40.53, 32.76, 36.67, 42.86, 40.53, 32.76, 36.67, 42.86, 40.53, 32.76, 36.67, 42.86, 40.53, 32.76, 36.67, 42.86, 40.53, 32.76, 36.67] | Shifted: No
===== DOMAIN SHIFT AT ROUND 45 =====
New domain distribution:
  caltech: 2 clients
  amazon: 2 clients
  webcam: 3 clients
  dslr: 3 clients

Round 45 | Mean Acc: 27.65% | Domain Accs: [37.95, 33.68, 18.97, 20.0, 37.95, 33.68, 18.97, 20.0, 37.95, 33.68, 18.97, 20.0, 37.95, 33.68, 18.97, 20.0, 37.95, 33.68, 18.97, 20.0, 37.95, 33.68, 18.97, 20.0, 37.95, 33.68, 18.97, 20.0, 37.95, 33.68, 18.97, 20.0, 37.95, 33.68, 18.97, 20.0, 37.95, 33.68, 18.97, 20.0, 37.95, 33.68, 18.97, 20.0, 37.95, 33.68, 18.97, 20.0, 37.95, 33.68, 18.97, 20.0, 37.95, 33.68, 18.97, 20.0, 37.95, 33.68, 18.97, 20.0, 37.95, 33.68, 18.97, 20.0] | Shifted: Yes
Round 46 | Mean Acc: 14.27% | Domain Accs: [20.98, 17.37, 12.07, 6.67, 20.98, 17.37, 12.07, 6.67, 20.98, 17.37, 12.07, 6.67, 20.98, 17.37, 12.07, 6.67, 20.98, 17.37, 12.07, 6.67, 20.98, 17.37, 12.07, 6.67, 20.98, 17.37, 12.07, 6.67, 20.98, 17.37, 12.07, 6.67, 20.98, 17.37, 12.07, 6.67, 20.98, 17.37, 12.07, 6.67, 20.98, 17.37, 12.07, 6.67, 20.98, 17.37, 12.07, 6.67, 20.98, 17.37, 12.07, 6.67, 20.98, 17.37, 12.07, 6.67, 20.98, 17.37, 12.07, 6.67, 20.98, 17.37, 12.07, 6.67] | Shifted: No
Round 47 | Mean Acc: 36.98% | Domain Accs: [44.64, 40.53, 32.76, 30.0, 44.64, 40.53, 32.76, 30.0, 44.64, 40.53, 32.76, 30.0, 44.64, 40.53, 32.76, 30.0, 44.64, 40.53, 32.76, 30.0, 44.64, 40.53, 32.76, 30.0, 44.64, 40.53, 32.76, 30.0, 44.64, 40.53, 32.76, 30.0, 44.64, 40.53, 32.76, 30.0, 44.64, 40.53, 32.76, 30.0, 44.64, 40.53, 32.76, 30.0, 44.64, 40.53, 32.76, 30.0, 44.64, 40.53, 32.76, 30.0, 44.64, 40.53, 32.76, 30.0, 44.64, 40.53, 32.76, 30.0, 44.64, 40.53, 32.76, 30.0] | Shifted: No
Round 48 | Mean Acc: 37.48% | Domain Accs: [45.54, 48.42, 29.31, 26.67, 45.54, 48.42, 29.31, 26.67, 45.54, 48.42, 29.31, 26.67, 45.54, 48.42, 29.31, 26.67, 45.54, 48.42, 29.31, 26.67, 45.54, 48.42, 29.31, 26.67, 45.54, 48.42, 29.31, 26.67, 45.54, 48.42, 29.31, 26.67, 45.54, 48.42, 29.31, 26.67, 45.54, 48.42, 29.31, 26.67, 45.54, 48.42, 29.31, 26.67, 45.54, 48.42, 29.31, 26.67, 45.54, 48.42, 29.31, 26.67, 45.54, 48.42, 29.31, 26.67, 45.54, 48.42, 29.31, 26.67, 45.54, 48.42, 29.31, 26.67] | Shifted: No
Round 49 | Mean Acc: 33.20% | Domain Accs: [41.07, 42.63, 22.41, 26.67, 41.07, 42.63, 22.41, 26.67, 41.07, 42.63, 22.41, 26.67, 41.07, 42.63, 22.41, 26.67, 41.07, 42.63, 22.41, 26.67, 41.07, 42.63, 22.41, 26.67, 41.07, 42.63, 22.41, 26.67, 41.07, 42.63, 22.41, 26.67, 41.07, 42.63, 22.41, 26.67, 41.07, 42.63, 22.41, 26.67, 41.07, 42.63, 22.41, 26.67, 41.07, 42.63, 22.41, 26.67, 41.07, 42.63, 22.41, 26.67, 41.07, 42.63, 22.41, 26.67, 41.07, 42.63, 22.41, 26.67, 41.07, 42.63, 22.41, 26.67] | Shifted: No
===== DOMAIN SHIFT AT ROUND 50 =====
New domain distribution:
  caltech: 5 clients
  amazon: 2 clients
  webcam: 2 clients
  dslr: 1 clients

Round 50 | Mean Acc: 33.48% | Domain Accs: [43.75, 47.89, 18.97, 23.33, 43.75, 47.89, 18.97, 23.33, 43.75, 47.89, 18.97, 23.33, 43.75, 47.89, 18.97, 23.33, 43.75, 47.89, 18.97, 23.33, 43.75, 47.89, 18.97, 23.33, 43.75, 47.89, 18.97, 23.33, 43.75, 47.89, 18.97, 23.33, 43.75, 47.89, 18.97, 23.33, 43.75, 47.89, 18.97, 23.33, 43.75, 47.89, 18.97, 23.33, 43.75, 47.89, 18.97, 23.33, 43.75, 47.89, 18.97, 23.33, 43.75, 47.89, 18.97, 23.33, 43.75, 47.89, 18.97, 23.33, 43.75, 47.89, 18.97, 23.33] | Shifted: Yes
Round 51 | Mean Acc: 25.95% | Domain Accs: [33.48, 30.0, 10.34, 30.0, 33.48, 30.0, 10.34, 30.0, 33.48, 30.0, 10.34, 30.0, 33.48, 30.0, 10.34, 30.0, 33.48, 30.0, 10.34, 30.0, 33.48, 30.0, 10.34, 30.0, 33.48, 30.0, 10.34, 30.0, 33.48, 30.0, 10.34, 30.0, 33.48, 30.0, 10.34, 30.0, 33.48, 30.0, 10.34, 30.0, 33.48, 30.0, 10.34, 30.0, 33.48, 30.0, 10.34, 30.0, 33.48, 30.0, 10.34, 30.0, 33.48, 30.0, 10.34, 30.0, 33.48, 30.0, 10.34, 30.0, 33.48, 30.0, 10.34, 30.0] | Shifted: No
Round 52 | Mean Acc: 21.61% | Domain Accs: [26.79, 28.95, 20.69, 10.0, 26.79, 28.95, 20.69, 10.0, 26.79, 28.95, 20.69, 10.0, 26.79, 28.95, 20.69, 10.0, 26.79, 28.95, 20.69, 10.0, 26.79, 28.95, 20.69, 10.0, 26.79, 28.95, 20.69, 10.0, 26.79, 28.95, 20.69, 10.0, 26.79, 28.95, 20.69, 10.0, 26.79, 28.95, 20.69, 10.0, 26.79, 28.95, 20.69, 10.0, 26.79, 28.95, 20.69, 10.0, 26.79, 28.95, 20.69, 10.0, 26.79, 28.95, 20.69, 10.0, 26.79, 28.95, 20.69, 10.0, 26.79, 28.95, 20.69, 10.0] | Shifted: No
Round 53 | Mean Acc: 35.64% | Domain Accs: [44.2, 44.21, 24.14, 30.0, 44.2, 44.21, 24.14, 30.0, 44.2, 44.21, 24.14, 30.0, 44.2, 44.21, 24.14, 30.0, 44.2, 44.21, 24.14, 30.0, 44.2, 44.21, 24.14, 30.0, 44.2, 44.21, 24.14, 30.0, 44.2, 44.21, 24.14, 30.0, 44.2, 44.21, 24.14, 30.0, 44.2, 44.21, 24.14, 30.0, 44.2, 44.21, 24.14, 30.0, 44.2, 44.21, 24.14, 30.0, 44.2, 44.21, 24.14, 30.0, 44.2, 44.21, 24.14, 30.0, 44.2, 44.21, 24.14, 30.0, 44.2, 44.21, 24.14, 30.0] | Shifted: No
Round 54 | Mean Acc: 29.84% | Domain Accs: [42.41, 44.74, 15.52, 16.67, 42.41, 44.74, 15.52, 16.67, 42.41, 44.74, 15.52, 16.67, 42.41, 44.74, 15.52, 16.67, 42.41, 44.74, 15.52, 16.67, 42.41, 44.74, 15.52, 16.67, 42.41, 44.74, 15.52, 16.67, 42.41, 44.74, 15.52, 16.67, 42.41, 44.74, 15.52, 16.67, 42.41, 44.74, 15.52, 16.67, 42.41, 44.74, 15.52, 16.67, 42.41, 44.74, 15.52, 16.67, 42.41, 44.74, 15.52, 16.67, 42.41, 44.74, 15.52, 16.67, 42.41, 44.74, 15.52, 16.67, 42.41, 44.74, 15.52, 16.67] | Shifted: No
===== DOMAIN SHIFT AT ROUND 55 =====
New domain distribution:
  caltech: 4 clients
  amazon: 2 clients
  webcam: 1 clients
  dslr: 3 clients

Round 55 | Mean Acc: 29.27% | Domain Accs: [39.73, 40.0, 20.69, 16.67, 39.73, 40.0, 20.69, 16.67, 39.73, 40.0, 20.69, 16.67, 39.73, 40.0, 20.69, 16.67, 39.73, 40.0, 20.69, 16.67, 39.73, 40.0, 20.69, 16.67, 39.73, 40.0, 20.69, 16.67, 39.73, 40.0, 20.69, 16.67, 39.73, 40.0, 20.69, 16.67, 39.73, 40.0, 20.69, 16.67, 39.73, 40.0, 20.69, 16.67, 39.73, 40.0, 20.69, 16.67, 39.73, 40.0, 20.69, 16.67, 39.73, 40.0, 20.69, 16.67, 39.73, 40.0, 20.69, 16.67, 39.73, 40.0, 20.69, 16.67] | Shifted: Yes
Round 56 | Mean Acc: 28.64% | Domain Accs: [41.07, 34.74, 12.07, 26.67, 41.07, 34.74, 12.07, 26.67, 41.07, 34.74, 12.07, 26.67, 41.07, 34.74, 12.07, 26.67, 41.07, 34.74, 12.07, 26.67, 41.07, 34.74, 12.07, 26.67, 41.07, 34.74, 12.07, 26.67, 41.07, 34.74, 12.07, 26.67, 41.07, 34.74, 12.07, 26.67, 41.07, 34.74, 12.07, 26.67, 41.07, 34.74, 12.07, 26.67, 41.07, 34.74, 12.07, 26.67, 41.07, 34.74, 12.07, 26.67, 41.07, 34.74, 12.07, 26.67, 41.07, 34.74, 12.07, 26.67, 41.07, 34.74, 12.07, 26.67] | Shifted: No
Round 57 | Mean Acc: 16.73% | Domain Accs: [21.88, 26.32, 12.07, 6.67, 21.88, 26.32, 12.07, 6.67, 21.88, 26.32, 12.07, 6.67, 21.88, 26.32, 12.07, 6.67, 21.88, 26.32, 12.07, 6.67, 21.88, 26.32, 12.07, 6.67, 21.88, 26.32, 12.07, 6.67, 21.88, 26.32, 12.07, 6.67, 21.88, 26.32, 12.07, 6.67, 21.88, 26.32, 12.07, 6.67, 21.88, 26.32, 12.07, 6.67, 21.88, 26.32, 12.07, 6.67, 21.88, 26.32, 12.07, 6.67, 21.88, 26.32, 12.07, 6.67, 21.88, 26.32, 12.07, 6.67, 21.88, 26.32, 12.07, 6.67] | Shifted: No
Round 58 | Mean Acc: 37.15% | Domain Accs: [47.32, 43.68, 27.59, 30.0, 47.32, 43.68, 27.59, 30.0, 47.32, 43.68, 27.59, 30.0, 47.32, 43.68, 27.59, 30.0, 47.32, 43.68, 27.59, 30.0, 47.32, 43.68, 27.59, 30.0, 47.32, 43.68, 27.59, 30.0, 47.32, 43.68, 27.59, 30.0, 47.32, 43.68, 27.59, 30.0, 47.32, 43.68, 27.59, 30.0, 47.32, 43.68, 27.59, 30.0, 47.32, 43.68, 27.59, 30.0, 47.32, 43.68, 27.59, 30.0, 47.32, 43.68, 27.59, 30.0, 47.32, 43.68, 27.59, 30.0, 47.32, 43.68, 27.59, 30.0] | Shifted: No
Round 59 | Mean Acc: 28.93% | Domain Accs: [41.52, 36.84, 20.69, 16.67, 41.52, 36.84, 20.69, 16.67, 41.52, 36.84, 20.69, 16.67, 41.52, 36.84, 20.69, 16.67, 41.52, 36.84, 20.69, 16.67, 41.52, 36.84, 20.69, 16.67, 41.52, 36.84, 20.69, 16.67, 41.52, 36.84, 20.69, 16.67, 41.52, 36.84, 20.69, 16.67, 41.52, 36.84, 20.69, 16.67, 41.52, 36.84, 20.69, 16.67, 41.52, 36.84, 20.69, 16.67, 41.52, 36.84, 20.69, 16.67, 41.52, 36.84, 20.69, 16.67, 41.52, 36.84, 20.69, 16.67, 41.52, 36.84, 20.69, 16.67] | Shifted: No
===== DOMAIN SHIFT AT ROUND 60 =====
New domain distribution:
  caltech: 4 clients
  amazon: 2 clients
  webcam: 2 clients
  dslr: 2 clients

Round 60 | Mean Acc: 25.29% | Domain Accs: [36.16, 39.47, 15.52, 10.0, 36.16, 39.47, 15.52, 10.0, 36.16, 39.47, 15.52, 10.0, 36.16, 39.47, 15.52, 10.0, 36.16, 39.47, 15.52, 10.0, 36.16, 39.47, 15.52, 10.0, 36.16, 39.47, 15.52, 10.0, 36.16, 39.47, 15.52, 10.0, 36.16, 39.47, 15.52, 10.0, 36.16, 39.47, 15.52, 10.0, 36.16, 39.47, 15.52, 10.0, 36.16, 39.47, 15.52, 10.0, 36.16, 39.47, 15.52, 10.0, 36.16, 39.47, 15.52, 10.0, 36.16, 39.47, 15.52, 10.0, 36.16, 39.47, 15.52, 10.0] | Shifted: Yes
Round 61 | Mean Acc: 35.81% | Domain Accs: [40.62, 45.26, 20.69, 36.67, 40.62, 45.26, 20.69, 36.67, 40.62, 45.26, 20.69, 36.67, 40.62, 45.26, 20.69, 36.67, 40.62, 45.26, 20.69, 36.67, 40.62, 45.26, 20.69, 36.67, 40.62, 45.26, 20.69, 36.67, 40.62, 45.26, 20.69, 36.67, 40.62, 45.26, 20.69, 36.67, 40.62, 45.26, 20.69, 36.67, 40.62, 45.26, 20.69, 36.67, 40.62, 45.26, 20.69, 36.67, 40.62, 45.26, 20.69, 36.67, 40.62, 45.26, 20.69, 36.67, 40.62, 45.26, 20.69, 36.67, 40.62, 45.26, 20.69, 36.67] | Shifted: No
Round 62 | Mean Acc: 29.49% | Domain Accs: [33.93, 30.0, 20.69, 33.33, 33.93, 30.0, 20.69, 33.33, 33.93, 30.0, 20.69, 33.33, 33.93, 30.0, 20.69, 33.33, 33.93, 30.0, 20.69, 33.33, 33.93, 30.0, 20.69, 33.33, 33.93, 30.0, 20.69, 33.33, 33.93, 30.0, 20.69, 33.33, 33.93, 30.0, 20.69, 33.33, 33.93, 30.0, 20.69, 33.33, 33.93, 30.0, 20.69, 33.33, 33.93, 30.0, 20.69, 33.33, 33.93, 30.0, 20.69, 33.33, 33.93, 30.0, 20.69, 33.33, 33.93, 30.0, 20.69, 33.33, 33.93, 30.0, 20.69, 33.33] | Shifted: No
Round 63 | Mean Acc: 35.72% | Domain Accs: [46.43, 37.37, 22.41, 36.67, 46.43, 37.37, 22.41, 36.67, 46.43, 37.37, 22.41, 36.67, 46.43, 37.37, 22.41, 36.67, 46.43, 37.37, 22.41, 36.67, 46.43, 37.37, 22.41, 36.67, 46.43, 37.37, 22.41, 36.67, 46.43, 37.37, 22.41, 36.67, 46.43, 37.37, 22.41, 36.67, 46.43, 37.37, 22.41, 36.67, 46.43, 37.37, 22.41, 36.67, 46.43, 37.37, 22.41, 36.67, 46.43, 37.37, 22.41, 36.67, 46.43, 37.37, 22.41, 36.67, 46.43, 37.37, 22.41, 36.67, 46.43, 37.37, 22.41, 36.67] | Shifted: No
Round 64 | Mean Acc: 34.36% | Domain Accs: [43.3, 40.0, 24.14, 30.0, 43.3, 40.0, 24.14, 30.0, 43.3, 40.0, 24.14, 30.0, 43.3, 40.0, 24.14, 30.0, 43.3, 40.0, 24.14, 30.0, 43.3, 40.0, 24.14, 30.0, 43.3, 40.0, 24.14, 30.0, 43.3, 40.0, 24.14, 30.0, 43.3, 40.0, 24.14, 30.0, 43.3, 40.0, 24.14, 30.0, 43.3, 40.0, 24.14, 30.0, 43.3, 40.0, 24.14, 30.0, 43.3, 40.0, 24.14, 30.0, 43.3, 40.0, 24.14, 30.0, 43.3, 40.0, 24.14, 30.0, 43.3, 40.0, 24.14, 30.0] | Shifted: No
===== DOMAIN SHIFT AT ROUND 65 =====
New domain distribution:
  caltech: 4 clients
  amazon: 2 clients
  webcam: 3 clients
  dslr: 1 clients

Round 65 | Mean Acc: 31.02% | Domain Accs: [41.96, 43.16, 18.97, 20.0, 41.96, 43.16, 18.97, 20.0, 41.96, 43.16, 18.97, 20.0, 41.96, 43.16, 18.97, 20.0, 41.96, 43.16, 18.97, 20.0, 41.96, 43.16, 18.97, 20.0, 41.96, 43.16, 18.97, 20.0, 41.96, 43.16, 18.97, 20.0, 41.96, 43.16, 18.97, 20.0, 41.96, 43.16, 18.97, 20.0, 41.96, 43.16, 18.97, 20.0, 41.96, 43.16, 18.97, 20.0, 41.96, 43.16, 18.97, 20.0, 41.96, 43.16, 18.97, 20.0, 41.96, 43.16, 18.97, 20.0, 41.96, 43.16, 18.97, 20.0] | Shifted: Yes
Round 66 | Mean Acc: 37.91% | Domain Accs: [47.77, 43.16, 20.69, 40.0, 47.77, 43.16, 20.69, 40.0, 47.77, 43.16, 20.69, 40.0, 47.77, 43.16, 20.69, 40.0, 47.77, 43.16, 20.69, 40.0, 47.77, 43.16, 20.69, 40.0, 47.77, 43.16, 20.69, 40.0, 47.77, 43.16, 20.69, 40.0, 47.77, 43.16, 20.69, 40.0, 47.77, 43.16, 20.69, 40.0, 47.77, 43.16, 20.69, 40.0, 47.77, 43.16, 20.69, 40.0, 47.77, 43.16, 20.69, 40.0, 47.77, 43.16, 20.69, 40.0, 47.77, 43.16, 20.69, 40.0, 47.77, 43.16, 20.69, 40.0] | Shifted: No
Round 67 | Mean Acc: 27.59% | Domain Accs: [37.5, 28.95, 17.24, 26.67, 37.5, 28.95, 17.24, 26.67, 37.5, 28.95, 17.24, 26.67, 37.5, 28.95, 17.24, 26.67, 37.5, 28.95, 17.24, 26.67, 37.5, 28.95, 17.24, 26.67, 37.5, 28.95, 17.24, 26.67, 37.5, 28.95, 17.24, 26.67, 37.5, 28.95, 17.24, 26.67, 37.5, 28.95, 17.24, 26.67, 37.5, 28.95, 17.24, 26.67, 37.5, 28.95, 17.24, 26.67, 37.5, 28.95, 17.24, 26.67, 37.5, 28.95, 17.24, 26.67, 37.5, 28.95, 17.24, 26.67, 37.5, 28.95, 17.24, 26.67] | Shifted: No
Round 68 | Mean Acc: 27.48% | Domain Accs: [29.46, 34.74, 22.41, 23.33, 29.46, 34.74, 22.41, 23.33, 29.46, 34.74, 22.41, 23.33, 29.46, 34.74, 22.41, 23.33, 29.46, 34.74, 22.41, 23.33, 29.46, 34.74, 22.41, 23.33, 29.46, 34.74, 22.41, 23.33, 29.46, 34.74, 22.41, 23.33, 29.46, 34.74, 22.41, 23.33, 29.46, 34.74, 22.41, 23.33, 29.46, 34.74, 22.41, 23.33, 29.46, 34.74, 22.41, 23.33, 29.46, 34.74, 22.41, 23.33, 29.46, 34.74, 22.41, 23.33, 29.46, 34.74, 22.41, 23.33, 29.46, 34.74, 22.41, 23.33] | Shifted: No
Round 69 | Mean Acc: 33.97% | Domain Accs: [41.96, 40.0, 17.24, 36.67, 41.96, 40.0, 17.24, 36.67, 41.96, 40.0, 17.24, 36.67, 41.96, 40.0, 17.24, 36.67, 41.96, 40.0, 17.24, 36.67, 41.96, 40.0, 17.24, 36.67, 41.96, 40.0, 17.24, 36.67, 41.96, 40.0, 17.24, 36.67, 41.96, 40.0, 17.24, 36.67, 41.96, 40.0, 17.24, 36.67, 41.96, 40.0, 17.24, 36.67, 41.96, 40.0, 17.24, 36.67, 41.96, 40.0, 17.24, 36.67, 41.96, 40.0, 17.24, 36.67, 41.96, 40.0, 17.24, 36.67, 41.96, 40.0, 17.24, 36.67] | Shifted: No
===== DOMAIN SHIFT AT ROUND 70 =====
New domain distribution:
  caltech: 4 clients
  amazon: 4 clients
  webcam: 1 clients
  dslr: 1 clients

Round 70 | Mean Acc: 34.30% | Domain Accs: [44.64, 38.42, 24.14, 30.0, 44.64, 38.42, 24.14, 30.0, 44.64, 38.42, 24.14, 30.0, 44.64, 38.42, 24.14, 30.0, 44.64, 38.42, 24.14, 30.0, 44.64, 38.42, 24.14, 30.0, 44.64, 38.42, 24.14, 30.0, 44.64, 38.42, 24.14, 30.0, 44.64, 38.42, 24.14, 30.0, 44.64, 38.42, 24.14, 30.0, 44.64, 38.42, 24.14, 30.0, 44.64, 38.42, 24.14, 30.0, 44.64, 38.42, 24.14, 30.0, 44.64, 38.42, 24.14, 30.0, 44.64, 38.42, 24.14, 30.0, 44.64, 38.42, 24.14, 30.0] | Shifted: Yes
Round 71 | Mean Acc: 32.34% | Domain Accs: [43.3, 40.53, 15.52, 30.0, 43.3, 40.53, 15.52, 30.0, 43.3, 40.53, 15.52, 30.0, 43.3, 40.53, 15.52, 30.0, 43.3, 40.53, 15.52, 30.0, 43.3, 40.53, 15.52, 30.0, 43.3, 40.53, 15.52, 30.0, 43.3, 40.53, 15.52, 30.0, 43.3, 40.53, 15.52, 30.0, 43.3, 40.53, 15.52, 30.0, 43.3, 40.53, 15.52, 30.0, 43.3, 40.53, 15.52, 30.0, 43.3, 40.53, 15.52, 30.0, 43.3, 40.53, 15.52, 30.0, 43.3, 40.53, 15.52, 30.0, 43.3, 40.53, 15.52, 30.0] | Shifted: No
Round 72 | Mean Acc: 37.69% | Domain Accs: [38.84, 34.21, 31.03, 46.67, 38.84, 34.21, 31.03, 46.67, 38.84, 34.21, 31.03, 46.67, 38.84, 34.21, 31.03, 46.67, 38.84, 34.21, 31.03, 46.67, 38.84, 34.21, 31.03, 46.67, 38.84, 34.21, 31.03, 46.67, 38.84, 34.21, 31.03, 46.67, 38.84, 34.21, 31.03, 46.67, 38.84, 34.21, 31.03, 46.67, 38.84, 34.21, 31.03, 46.67, 38.84, 34.21, 31.03, 46.67, 38.84, 34.21, 31.03, 46.67, 38.84, 34.21, 31.03, 46.67, 38.84, 34.21, 31.03, 46.67, 38.84, 34.21, 31.03, 46.67] | Shifted: No
Round 73 | Mean Acc: 23.81% | Domain Accs: [27.68, 28.95, 8.62, 30.0, 27.68, 28.95, 8.62, 30.0, 27.68, 28.95, 8.62, 30.0, 27.68, 28.95, 8.62, 30.0, 27.68, 28.95, 8.62, 30.0, 27.68, 28.95, 8.62, 30.0, 27.68, 28.95, 8.62, 30.0, 27.68, 28.95, 8.62, 30.0, 27.68, 28.95, 8.62, 30.0, 27.68, 28.95, 8.62, 30.0, 27.68, 28.95, 8.62, 30.0, 27.68, 28.95, 8.62, 30.0, 27.68, 28.95, 8.62, 30.0, 27.68, 28.95, 8.62, 30.0, 27.68, 28.95, 8.62, 30.0, 27.68, 28.95, 8.62, 30.0] | Shifted: No
Round 74 | Mean Acc: 36.20% | Domain Accs: [45.98, 43.16, 18.97, 36.67, 45.98, 43.16, 18.97, 36.67, 45.98, 43.16, 18.97, 36.67, 45.98, 43.16, 18.97, 36.67, 45.98, 43.16, 18.97, 36.67, 45.98, 43.16, 18.97, 36.67, 45.98, 43.16, 18.97, 36.67, 45.98, 43.16, 18.97, 36.67, 45.98, 43.16, 18.97, 36.67, 45.98, 43.16, 18.97, 36.67, 45.98, 43.16, 18.97, 36.67, 45.98, 43.16, 18.97, 36.67, 45.98, 43.16, 18.97, 36.67, 45.98, 43.16, 18.97, 36.67, 45.98, 43.16, 18.97, 36.67, 45.98, 43.16, 18.97, 36.67] | Shifted: No
===== DOMAIN SHIFT AT ROUND 75 =====
New domain distribution:
  caltech: 7 clients
  amazon: 2 clients
  webcam: 0 clients
  dslr: 1 clients

Round 75 | Mean Acc: 36.45% | Domain Accs: [43.3, 41.58, 27.59, 33.33, 43.3, 41.58, 27.59, 33.33, 43.3, 41.58, 27.59, 33.33, 43.3, 41.58, 27.59, 33.33, 43.3, 41.58, 27.59, 33.33, 43.3, 41.58, 27.59, 33.33, 43.3, 41.58, 27.59, 33.33, 43.3, 41.58, 27.59, 33.33, 43.3, 41.58, 27.59, 33.33, 43.3, 41.58, 27.59, 33.33, 43.3, 41.58, 27.59, 33.33, 43.3, 41.58, 27.59, 33.33, 43.3, 41.58, 27.59, 33.33, 43.3, 41.58, 27.59, 33.33, 43.3, 41.58, 27.59, 33.33, 43.3, 41.58, 27.59, 33.33] | Shifted: Yes
Round 76 | Mean Acc: 30.89% | Domain Accs: [43.3, 43.16, 13.79, 23.33, 43.3, 43.16, 13.79, 23.33, 43.3, 43.16, 13.79, 23.33, 43.3, 43.16, 13.79, 23.33, 43.3, 43.16, 13.79, 23.33, 43.3, 43.16, 13.79, 23.33, 43.3, 43.16, 13.79, 23.33, 43.3, 43.16, 13.79, 23.33, 43.3, 43.16, 13.79, 23.33, 43.3, 43.16, 13.79, 23.33, 43.3, 43.16, 13.79, 23.33, 43.3, 43.16, 13.79, 23.33, 43.3, 43.16, 13.79, 23.33, 43.3, 43.16, 13.79, 23.33, 43.3, 43.16, 13.79, 23.33, 43.3, 43.16, 13.79, 23.33] | Shifted: No
Round 77 | Mean Acc: 31.46% | Domain Accs: [41.96, 41.58, 18.97, 23.33, 41.96, 41.58, 18.97, 23.33, 41.96, 41.58, 18.97, 23.33, 41.96, 41.58, 18.97, 23.33, 41.96, 41.58, 18.97, 23.33, 41.96, 41.58, 18.97, 23.33, 41.96, 41.58, 18.97, 23.33, 41.96, 41.58, 18.97, 23.33, 41.96, 41.58, 18.97, 23.33, 41.96, 41.58, 18.97, 23.33, 41.96, 41.58, 18.97, 23.33, 41.96, 41.58, 18.97, 23.33, 41.96, 41.58, 18.97, 23.33, 41.96, 41.58, 18.97, 23.33, 41.96, 41.58, 18.97, 23.33, 41.96, 41.58, 18.97, 23.33] | Shifted: No
Round 78 | Mean Acc: 32.62% | Domain Accs: [40.62, 42.63, 17.24, 30.0, 40.62, 42.63, 17.24, 30.0, 40.62, 42.63, 17.24, 30.0, 40.62, 42.63, 17.24, 30.0, 40.62, 42.63, 17.24, 30.0, 40.62, 42.63, 17.24, 30.0, 40.62, 42.63, 17.24, 30.0, 40.62, 42.63, 17.24, 30.0, 40.62, 42.63, 17.24, 30.0, 40.62, 42.63, 17.24, 30.0, 40.62, 42.63, 17.24, 30.0, 40.62, 42.63, 17.24, 30.0, 40.62, 42.63, 17.24, 30.0, 40.62, 42.63, 17.24, 30.0, 40.62, 42.63, 17.24, 30.0, 40.62, 42.63, 17.24, 30.0] | Shifted: No
Round 79 | Mean Acc: 30.30% | Domain Accs: [36.16, 34.21, 24.14, 26.67, 36.16, 34.21, 24.14, 26.67, 36.16, 34.21, 24.14, 26.67, 36.16, 34.21, 24.14, 26.67, 36.16, 34.21, 24.14, 26.67, 36.16, 34.21, 24.14, 26.67, 36.16, 34.21, 24.14, 26.67, 36.16, 34.21, 24.14, 26.67, 36.16, 34.21, 24.14, 26.67, 36.16, 34.21, 24.14, 26.67, 36.16, 34.21, 24.14, 26.67, 36.16, 34.21, 24.14, 26.67, 36.16, 34.21, 24.14, 26.67, 36.16, 34.21, 24.14, 26.67, 36.16, 34.21, 24.14, 26.67, 36.16, 34.21, 24.14, 26.67] | Shifted: No
===== DOMAIN SHIFT AT ROUND 80 =====
New domain distribution:
  caltech: 4 clients
  amazon: 2 clients
  webcam: 2 clients
  dslr: 2 clients

Round 80 | Mean Acc: 32.80% | Domain Accs: [43.3, 38.95, 18.97, 30.0, 43.3, 38.95, 18.97, 30.0, 43.3, 38.95, 18.97, 30.0, 43.3, 38.95, 18.97, 30.0, 43.3, 38.95, 18.97, 30.0, 43.3, 38.95, 18.97, 30.0, 43.3, 38.95, 18.97, 30.0, 43.3, 38.95, 18.97, 30.0, 43.3, 38.95, 18.97, 30.0, 43.3, 38.95, 18.97, 30.0, 43.3, 38.95, 18.97, 30.0, 43.3, 38.95, 18.97, 30.0, 43.3, 38.95, 18.97, 30.0, 43.3, 38.95, 18.97, 30.0, 43.3, 38.95, 18.97, 30.0, 43.3, 38.95, 18.97, 30.0] | Shifted: Yes
Round 81 | Mean Acc: 33.50% | Domain Accs: [46.43, 45.26, 18.97, 23.33, 46.43, 45.26, 18.97, 23.33, 46.43, 45.26, 18.97, 23.33, 46.43, 45.26, 18.97, 23.33, 46.43, 45.26, 18.97, 23.33, 46.43, 45.26, 18.97, 23.33, 46.43, 45.26, 18.97, 23.33, 46.43, 45.26, 18.97, 23.33, 46.43, 45.26, 18.97, 23.33, 46.43, 45.26, 18.97, 23.33, 46.43, 45.26, 18.97, 23.33, 46.43, 45.26, 18.97, 23.33, 46.43, 45.26, 18.97, 23.33, 46.43, 45.26, 18.97, 23.33, 46.43, 45.26, 18.97, 23.33, 46.43, 45.26, 18.97, 23.33] | Shifted: No
Round 82 | Mean Acc: 38.51% | Domain Accs: [43.3, 43.16, 27.59, 40.0, 43.3, 43.16, 27.59, 40.0, 43.3, 43.16, 27.59, 40.0, 43.3, 43.16, 27.59, 40.0, 43.3, 43.16, 27.59, 40.0, 43.3, 43.16, 27.59, 40.0, 43.3, 43.16, 27.59, 40.0, 43.3, 43.16, 27.59, 40.0, 43.3, 43.16, 27.59, 40.0, 43.3, 43.16, 27.59, 40.0, 43.3, 43.16, 27.59, 40.0, 43.3, 43.16, 27.59, 40.0, 43.3, 43.16, 27.59, 40.0, 43.3, 43.16, 27.59, 40.0, 43.3, 43.16, 27.59, 40.0, 43.3, 43.16, 27.59, 40.0] | Shifted: No
Round 83 | Mean Acc: 32.13% | Domain Accs: [37.5, 43.68, 20.69, 26.67, 37.5, 43.68, 20.69, 26.67, 37.5, 43.68, 20.69, 26.67, 37.5, 43.68, 20.69, 26.67, 37.5, 43.68, 20.69, 26.67, 37.5, 43.68, 20.69, 26.67, 37.5, 43.68, 20.69, 26.67, 37.5, 43.68, 20.69, 26.67, 37.5, 43.68, 20.69, 26.67, 37.5, 43.68, 20.69, 26.67, 37.5, 43.68, 20.69, 26.67, 37.5, 43.68, 20.69, 26.67, 37.5, 43.68, 20.69, 26.67, 37.5, 43.68, 20.69, 26.67, 37.5, 43.68, 20.69, 26.67, 37.5, 43.68, 20.69, 26.67] | Shifted: No
Round 84 | Mean Acc: 35.52% | Domain Accs: [40.62, 38.95, 25.86, 36.67, 40.62, 38.95, 25.86, 36.67, 40.62, 38.95, 25.86, 36.67, 40.62, 38.95, 25.86, 36.67, 40.62, 38.95, 25.86, 36.67, 40.62, 38.95, 25.86, 36.67, 40.62, 38.95, 25.86, 36.67, 40.62, 38.95, 25.86, 36.67, 40.62, 38.95, 25.86, 36.67, 40.62, 38.95, 25.86, 36.67, 40.62, 38.95, 25.86, 36.67, 40.62, 38.95, 25.86, 36.67, 40.62, 38.95, 25.86, 36.67, 40.62, 38.95, 25.86, 36.67, 40.62, 38.95, 25.86, 36.67, 40.62, 38.95, 25.86, 36.67] | Shifted: No
===== DOMAIN SHIFT AT ROUND 85 =====
New domain distribution:
  caltech: 1 clients
  amazon: 3 clients
  webcam: 2 clients
  dslr: 4 clients

Round 85 | Mean Acc: 17.87% | Domain Accs: [20.09, 21.05, 10.34, 20.0, 20.09, 21.05, 10.34, 20.0, 20.09, 21.05, 10.34, 20.0, 20.09, 21.05, 10.34, 20.0, 20.09, 21.05, 10.34, 20.0, 20.09, 21.05, 10.34, 20.0, 20.09, 21.05, 10.34, 20.0, 20.09, 21.05, 10.34, 20.0, 20.09, 21.05, 10.34, 20.0, 20.09, 21.05, 10.34, 20.0, 20.09, 21.05, 10.34, 20.0, 20.09, 21.05, 10.34, 20.0, 20.09, 21.05, 10.34, 20.0, 20.09, 21.05, 10.34, 20.0, 20.09, 21.05, 10.34, 20.0, 20.09, 21.05, 10.34, 20.0] | Shifted: Yes
Round 86 | Mean Acc: 33.69% | Domain Accs: [47.77, 37.89, 22.41, 26.67, 47.77, 37.89, 22.41, 26.67, 47.77, 37.89, 22.41, 26.67, 47.77, 37.89, 22.41, 26.67, 47.77, 37.89, 22.41, 26.67, 47.77, 37.89, 22.41, 26.67, 47.77, 37.89, 22.41, 26.67, 47.77, 37.89, 22.41, 26.67, 47.77, 37.89, 22.41, 26.67, 47.77, 37.89, 22.41, 26.67, 47.77, 37.89, 22.41, 26.67, 47.77, 37.89, 22.41, 26.67, 47.77, 37.89, 22.41, 26.67, 47.77, 37.89, 22.41, 26.67, 47.77, 37.89, 22.41, 26.67, 47.77, 37.89, 22.41, 26.67] | Shifted: No
Round 87 | Mean Acc: 37.80% | Domain Accs: [43.75, 41.58, 25.86, 40.0, 43.75, 41.58, 25.86, 40.0, 43.75, 41.58, 25.86, 40.0, 43.75, 41.58, 25.86, 40.0, 43.75, 41.58, 25.86, 40.0, 43.75, 41.58, 25.86, 40.0, 43.75, 41.58, 25.86, 40.0, 43.75, 41.58, 25.86, 40.0, 43.75, 41.58, 25.86, 40.0, 43.75, 41.58, 25.86, 40.0, 43.75, 41.58, 25.86, 40.0, 43.75, 41.58, 25.86, 40.0, 43.75, 41.58, 25.86, 40.0, 43.75, 41.58, 25.86, 40.0, 43.75, 41.58, 25.86, 40.0, 43.75, 41.58, 25.86, 40.0] | Shifted: No
Round 88 | Mean Acc: 26.59% | Domain Accs: [35.71, 36.84, 13.79, 20.0, 35.71, 36.84, 13.79, 20.0, 35.71, 36.84, 13.79, 20.0, 35.71, 36.84, 13.79, 20.0, 35.71, 36.84, 13.79, 20.0, 35.71, 36.84, 13.79, 20.0, 35.71, 36.84, 13.79, 20.0, 35.71, 36.84, 13.79, 20.0, 35.71, 36.84, 13.79, 20.0, 35.71, 36.84, 13.79, 20.0, 35.71, 36.84, 13.79, 20.0, 35.71, 36.84, 13.79, 20.0, 35.71, 36.84, 13.79, 20.0, 35.71, 36.84, 13.79, 20.0, 35.71, 36.84, 13.79, 20.0, 35.71, 36.84, 13.79, 20.0] | Shifted: No
Round 89 | Mean Acc: 36.41% | Domain Accs: [40.62, 42.63, 22.41, 40.0, 40.62, 42.63, 22.41, 40.0, 40.62, 42.63, 22.41, 40.0, 40.62, 42.63, 22.41, 40.0, 40.62, 42.63, 22.41, 40.0, 40.62, 42.63, 22.41, 40.0, 40.62, 42.63, 22.41, 40.0, 40.62, 42.63, 22.41, 40.0, 40.62, 42.63, 22.41, 40.0, 40.62, 42.63, 22.41, 40.0, 40.62, 42.63, 22.41, 40.0, 40.62, 42.63, 22.41, 40.0, 40.62, 42.63, 22.41, 40.0, 40.62, 42.63, 22.41, 40.0, 40.62, 42.63, 22.41, 40.0, 40.62, 42.63, 22.41, 40.0] | Shifted: No
===== DOMAIN SHIFT AT ROUND 90 =====
New domain distribution:
  caltech: 2 clients
  amazon: 3 clients
  webcam: 2 clients
  dslr: 3 clients

Round 90 | Mean Acc: 26.64% | Domain Accs: [28.12, 25.79, 29.31, 23.33, 28.12, 25.79, 29.31, 23.33, 28.12, 25.79, 29.31, 23.33, 28.12, 25.79, 29.31, 23.33, 28.12, 25.79, 29.31, 23.33, 28.12, 25.79, 29.31, 23.33, 28.12, 25.79, 29.31, 23.33, 28.12, 25.79, 29.31, 23.33, 28.12, 25.79, 29.31, 23.33, 28.12, 25.79, 29.31, 23.33, 28.12, 25.79, 29.31, 23.33, 28.12, 25.79, 29.31, 23.33, 28.12, 25.79, 29.31, 23.33, 28.12, 25.79, 29.31, 23.33, 28.12, 25.79, 29.31, 23.33, 28.12, 25.79, 29.31, 23.33] | Shifted: Yes
Round 91 | Mean Acc: 21.64% | Domain Accs: [26.79, 22.63, 13.79, 23.33, 26.79, 22.63, 13.79, 23.33, 26.79, 22.63, 13.79, 23.33, 26.79, 22.63, 13.79, 23.33, 26.79, 22.63, 13.79, 23.33, 26.79, 22.63, 13.79, 23.33, 26.79, 22.63, 13.79, 23.33, 26.79, 22.63, 13.79, 23.33, 26.79, 22.63, 13.79, 23.33, 26.79, 22.63, 13.79, 23.33, 26.79, 22.63, 13.79, 23.33, 26.79, 22.63, 13.79, 23.33, 26.79, 22.63, 13.79, 23.33, 26.79, 22.63, 13.79, 23.33, 26.79, 22.63, 13.79, 23.33, 26.79, 22.63, 13.79, 23.33] | Shifted: No
Round 92 | Mean Acc: 33.08% | Domain Accs: [39.73, 36.84, 22.41, 33.33, 39.73, 36.84, 22.41, 33.33, 39.73, 36.84, 22.41, 33.33, 39.73, 36.84, 22.41, 33.33, 39.73, 36.84, 22.41, 33.33, 39.73, 36.84, 22.41, 33.33, 39.73, 36.84, 22.41, 33.33, 39.73, 36.84, 22.41, 33.33, 39.73, 36.84, 22.41, 33.33, 39.73, 36.84, 22.41, 33.33, 39.73, 36.84, 22.41, 33.33, 39.73, 36.84, 22.41, 33.33, 39.73, 36.84, 22.41, 33.33, 39.73, 36.84, 22.41, 33.33, 39.73, 36.84, 22.41, 33.33, 39.73, 36.84, 22.41, 33.33] | Shifted: No
Round 93 | Mean Acc: 37.26% | Domain Accs: [44.2, 47.37, 24.14, 33.33, 44.2, 47.37, 24.14, 33.33, 44.2, 47.37, 24.14, 33.33, 44.2, 47.37, 24.14, 33.33, 44.2, 47.37, 24.14, 33.33, 44.2, 47.37, 24.14, 33.33, 44.2, 47.37, 24.14, 33.33, 44.2, 47.37, 24.14, 33.33, 44.2, 47.37, 24.14, 33.33, 44.2, 47.37, 24.14, 33.33, 44.2, 47.37, 24.14, 33.33, 44.2, 47.37, 24.14, 33.33, 44.2, 47.37, 24.14, 33.33, 44.2, 47.37, 24.14, 33.33, 44.2, 47.37, 24.14, 33.33, 44.2, 47.37, 24.14, 33.33] | Shifted: No
Round 94 | Mean Acc: 33.41% | Domain Accs: [45.54, 45.79, 18.97, 23.33, 45.54, 45.79, 18.97, 23.33, 45.54, 45.79, 18.97, 23.33, 45.54, 45.79, 18.97, 23.33, 45.54, 45.79, 18.97, 23.33, 45.54, 45.79, 18.97, 23.33, 45.54, 45.79, 18.97, 23.33, 45.54, 45.79, 18.97, 23.33, 45.54, 45.79, 18.97, 23.33, 45.54, 45.79, 18.97, 23.33, 45.54, 45.79, 18.97, 23.33, 45.54, 45.79, 18.97, 23.33, 45.54, 45.79, 18.97, 23.33, 45.54, 45.79, 18.97, 23.33, 45.54, 45.79, 18.97, 23.33, 45.54, 45.79, 18.97, 23.33] | Shifted: No
===== DOMAIN SHIFT AT ROUND 95 =====
New domain distribution:
  caltech: 1 clients
  amazon: 2 clients
  webcam: 4 clients
  dslr: 3 clients

Round 95 | Mean Acc: 40.63% | Domain Accs: [45.98, 47.37, 25.86, 43.33, 45.98, 47.37, 25.86, 43.33, 45.98, 47.37, 25.86, 43.33, 45.98, 47.37, 25.86, 43.33, 45.98, 47.37, 25.86, 43.33, 45.98, 47.37, 25.86, 43.33, 45.98, 47.37, 25.86, 43.33, 45.98, 47.37, 25.86, 43.33, 45.98, 47.37, 25.86, 43.33, 45.98, 47.37, 25.86, 43.33, 45.98, 47.37, 25.86, 43.33, 45.98, 47.37, 25.86, 43.33, 45.98, 47.37, 25.86, 43.33, 45.98, 47.37, 25.86, 43.33, 45.98, 47.37, 25.86, 43.33, 45.98, 47.37, 25.86, 43.33] | Shifted: Yes
  ★ New best accuracy: 40.63%
Round 96 | Mean Acc: 20.07% | Domain Accs: [25.89, 27.37, 10.34, 16.67, 25.89, 27.37, 10.34, 16.67, 25.89, 27.37, 10.34, 16.67, 25.89, 27.37, 10.34, 16.67, 25.89, 27.37, 10.34, 16.67, 25.89, 27.37, 10.34, 16.67, 25.89, 27.37, 10.34, 16.67, 25.89, 27.37, 10.34, 16.67, 25.89, 27.37, 10.34, 16.67, 25.89, 27.37, 10.34, 16.67, 25.89, 27.37, 10.34, 16.67, 25.89, 27.37, 10.34, 16.67, 25.89, 27.37, 10.34, 16.67, 25.89, 27.37, 10.34, 16.67, 25.89, 27.37, 10.34, 16.67, 25.89, 27.37, 10.34, 16.67] | Shifted: No
Round 97 | Mean Acc: 36.21% | Domain Accs: [43.75, 42.11, 18.97, 40.0, 43.75, 42.11, 18.97, 40.0, 43.75, 42.11, 18.97, 40.0, 43.75, 42.11, 18.97, 40.0, 43.75, 42.11, 18.97, 40.0, 43.75, 42.11, 18.97, 40.0, 43.75, 42.11, 18.97, 40.0, 43.75, 42.11, 18.97, 40.0, 43.75, 42.11, 18.97, 40.0, 43.75, 42.11, 18.97, 40.0, 43.75, 42.11, 18.97, 40.0, 43.75, 42.11, 18.97, 40.0, 43.75, 42.11, 18.97, 40.0, 43.75, 42.11, 18.97, 40.0, 43.75, 42.11, 18.97, 40.0, 43.75, 42.11, 18.97, 40.0] | Shifted: No
Round 98 | Mean Acc: 36.52% | Domain Accs: [45.54, 41.58, 18.97, 40.0, 45.54, 41.58, 18.97, 40.0, 45.54, 41.58, 18.97, 40.0, 45.54, 41.58, 18.97, 40.0, 45.54, 41.58, 18.97, 40.0, 45.54, 41.58, 18.97, 40.0, 45.54, 41.58, 18.97, 40.0, 45.54, 41.58, 18.97, 40.0, 45.54, 41.58, 18.97, 40.0, 45.54, 41.58, 18.97, 40.0, 45.54, 41.58, 18.97, 40.0, 45.54, 41.58, 18.97, 40.0, 45.54, 41.58, 18.97, 40.0, 45.54, 41.58, 18.97, 40.0, 45.54, 41.58, 18.97, 40.0, 45.54, 41.58, 18.97, 40.0] | Shifted: No
Round 99 | Mean Acc: 31.73% | Domain Accs: [41.96, 41.05, 17.24, 26.67, 41.96, 41.05, 17.24, 26.67, 41.96, 41.05, 17.24, 26.67, 41.96, 41.05, 17.24, 26.67, 41.96, 41.05, 17.24, 26.67, 41.96, 41.05, 17.24, 26.67, 41.96, 41.05, 17.24, 26.67, 41.96, 41.05, 17.24, 26.67, 41.96, 41.05, 17.24, 26.67, 41.96, 41.05, 17.24, 26.67, 41.96, 41.05, 17.24, 26.67, 41.96, 41.05, 17.24, 26.67, 41.96, 41.05, 17.24, 26.67, 41.96, 41.05, 17.24, 26.67, 41.96, 41.05, 17.24, 26.67, 41.96, 41.05, 17.24, 26.67] | Shifted: No

===== EXPERIMENT SUMMARY =====
Best Mean Accuracy: 40.63%
Best Domain Accuracies: [47.77, 48.42, 32.76, 50.0, 47.77, 48.42, 32.76, 50.0, 47.77, 48.42, 32.76, 50.0, 47.77, 48.42, 32.76, 50.0, 47.77, 48.42, 32.76, 50.0, 47.77, 48.42, 32.76, 50.0, 47.77, 48.42, 32.76, 50.0, 47.77, 48.42, 32.76, 50.0, 47.77, 48.42, 32.76, 50.0, 47.77, 48.42, 32.76, 50.0, 47.77, 48.42, 32.76, 50.0, 47.77, 48.42, 32.76, 50.0, 47.77, 48.42, 32.76, 50.0, 47.77, 48.42, 32.76, 50.0, 47.77, 48.42, 32.76, 50.0, 47.77, 48.42, 32.76, 50.0]
Accuracy variance after shift at round 5: 8.5964
Accuracy variance after shift at round 10: 4.7228
Accuracy variance after shift at round 15: 12.2533
Accuracy variance after shift at round 20: 11.3854
Accuracy variance after shift at round 25: 5.3147
Accuracy variance after shift at round 30: 6.9254
Accuracy variance after shift at round 35: 46.3177
Accuracy variance after shift at round 40: 49.2919
Accuracy variance after shift at round 45: 86.8668
Accuracy variance after shift at round 50: 24.0770
Accuracy variance after shift at round 55: 33.2511
Accuracy variance after shift at round 60: 18.7060
Accuracy variance after shift at round 65: 18.3948
Accuracy variance after shift at round 70: 4.8834
Accuracy variance after shift at round 75: 6.2308
Accuracy variance after shift at round 80: 6.4656
Accuracy variance after shift at round 85: 73.7951
Accuracy variance after shift at round 90: 21.9384
Accuracy variance after shift at round 95: 78.1222
Average variance after shifts: 27.2389

Domain distribution at the end of experiment:
  caltech: 1 clients
  amazon: 2 clients
  webcam: 4 clients
  dslr: 3 clients
